#BPNN PARAM GENERATED AUTOMATICALLY IN 1614510237 SECONDS SINCE JABUARY 1, 1970
#!!DO NOT MODIFY!!
D=72
Q=64
L=32
0.680375
-0.124725
-0.647579
-0.342446
0.529743
0.115121
0.251928
-0.210957
0.260486
0.893281
0.174404
-0.048105
0.276819
-0.113915
0.386741
0.856178
0.238940
0.568284
-0.834846
0.473802
0.585132
0.587507
-0.838409
0.718958
0.682080
-0.600124
-0.873214
0.759769
-0.524308
-0.366232
-0.406040
0.516728
-0.717587
-0.439625
0.267976
0.848036
-0.826657
0.668298
-0.694964
-0.069221
0.767792
-0.686397
-0.052391
0.410695
-0.026534
0.719373
-0.936701
0.623159
0.829355
0.977944
0.736950
0.459620
-0.329425
-0.782344
-0.686950
-0.209440
0.914789
-0.559957
0.121663
-0.646180
-0.160429
0.769753
-0.362872
-0.999179
-0.211234
0.863670
-0.519875
-0.537144
0.398151
-0.147601
0.672207
0.412133
0.847025
-0.755348
-0.662746
0.514564
0.400679
-0.242579
-0.111805
-0.819392
0.387384
-0.722310
-0.715421
-0.995582
0.723517
0.381003
-0.970386
0.696046
0.991241
-0.489847
0.135634
0.240117
0.128968
0.765857
-0.621197
-0.150561
-0.140497
0.375533
-0.358287
-0.064354
-0.660780
0.040964
-0.810913
-0.071584
-0.650300
-0.099887
0.828120
-0.891125
0.510789
-0.658125
-0.768497
-0.304265
0.393460
0.710102
0.024015
-0.759598
-0.819476
0.694059
0.547206
0.699701
0.589489
0.791802
-0.697701
0.237612
-0.093383
0.396885
-0.836531
0.817719
0.566198
0.861620
0.595596
-0.851678
-0.757714
0.659878
-0.383687
0.737848
0.475877
0.731358
0.169399
0.555010
0.078827
0.295045
-0.527280
0.641143
0.040237
0.410600
0.538149
0.529849
0.226092
-0.447760
-0.574710
-0.059350
0.819371
0.153106
0.861750
0.645764
-0.601600
-0.111242
0.341204
-0.874106
-0.501465
0.469662
0.851637
0.670696
0.525937
0.921737
-0.367817
-0.483174
-0.328575
0.883448
0.731313
-0.332286
-0.836253
-0.345435
-0.483263
0.434095
-0.758487
-0.678037
-0.317477
-0.157117
-0.503750
0.984019
-0.677035
0.535230
0.178854
-0.721849
-0.010732
-0.802635
0.330317
-0.621710
-0.210987
0.901875
0.596880
0.441905
0.465309
0.266144
0.371572
-0.211223
-0.557981
0.094794
-0.074296
0.246389
-0.047081
-0.986040
-0.186770
-0.798629
0.306173
0.936142
0.790707
-0.534870
0.979083
0.074060
-0.114423
0.585989
-0.925187
-0.425638
0.772062
0.546031
-0.464843
-0.703529
0.766598
0.311625
-0.595347
-0.569933
0.421614
-0.438814
0.447803
-0.452538
-0.635976
-0.539722
0.016868
-0.670692
-0.529094
0.193916
-0.953354
-0.519610
-0.368558
0.999001
0.948075
-0.448135
-0.178699
0.941219
-0.766984
-0.397203
0.284118
-0.434935
-0.035232
-0.538621
-0.651341
0.909408
-0.948717
0.379536
0.724851
0.471047
-0.085160
0.940674
0.823295
-0.431413
0.313127
-0.552687
-0.232336
-0.511346
-0.603959
0.477919
-0.122876
0.437333
0.631159
0.157225
0.644852
-0.348577
-0.561690
0.017414
-0.517170
0.194227
-0.487023
-0.213805
0.137508
-0.106711
-0.461521
0.664450
-0.481526
-0.798581
-0.189823
0.565262
0.346539
-0.349588
-0.481310
-0.661782
0.126526
-0.749134
0.277714
0.959504
0.977213
-0.823740
-0.703846
-0.928305
-0.726076
-0.346391
-0.041369
-0.712757
0.686623
-0.166823
0.124828
0.644173
0.517937
0.482334
-0.518807
0.794272
0.597367
0.746434
0.449124
-0.424210
-0.814686
0.485127
0.957559
-0.340211
0.863281
0.186479
0.281379
0.635491
-0.604897
0.477069
0.934810
0.302264
0.548547
-0.347973
0.224884
0.864969
0.701173
0.849079
0.851815
0.472924
0.155357
0.738880
-0.301352
-0.989561
0.350640
-0.984240
0.538243
-0.037752
0.092444
-0.344390
-0.356036
0.300842
-0.711600
0.158351
-0.844126
0.015550
-0.760641
0.486155
-0.677013
0.465636
0.118498
-0.682785
-0.553119
0.875653
-0.384936
-0.236689
0.519377
0.853177
0.794848
-0.998465
-0.184082
0.172575
0.332011
-0.662121
0.339197
-0.038282
0.816208
0.833297
-0.845942
0.704207
0.893396
0.515310
0.937099
0.933005
0.653497
-0.145908
0.024844
0.291603
0.745726
-0.448206
-0.904037
-0.262955
-0.329554
0.279958
0.278917
0.021372
0.886103
0.458720
-0.780535
-0.533762
0.905324
-0.631868
0.052770
0.487454
0.843102
0.215201
0.028703
-0.622654
0.447951
0.638203
-0.711064
-0.831220
0.064437
0.570692
0.470295
-0.699802
-0.820782
-0.079381
-0.765459
-0.600765
-0.751527
0.540813
0.267468
0.899152
-0.017572
0.399567
-0.233973
-0.843518
0.119800
-0.188512
0.746455
-0.802067
0.793943
0.594674
0.275637
0.659434
-0.507111
0.531774
-0.972883
-0.114139
-0.378111
0.797417
0.286800
0.282002
-0.934750
-0.208940
-0.331168
-0.515045
-0.212735
-0.696270
0.294227
-0.335786
-0.038770
0.413501
0.576295
0.665369
0.536459
-0.291903
0.519470
0.942931
0.832546
0.277308
0.349211
0.853152
0.897822
-0.435432
0.164202
0.845144
-0.556548
-0.791652
-0.147177
-0.424701
-0.071214
-0.053909
0.128503
-0.732904
0.987055
0.353257
-0.941979
0.568589
0.375091
-0.427851
-0.677294
0.354683
0.693284
0.840188
-0.719840
-0.357657
-0.599664
0.008798
-0.294103
-0.162151
0.766008
-0.769172
-0.889227
-0.557659
0.505723
0.800130
0.076148
0.835957
0.043166
-0.736693
-0.813268
-0.124144
-0.178328
-0.021403
-0.817195
-0.583445
0.923191
-0.689535
-0.008101
0.786237
-0.855611
-0.603834
0.556386
-0.976615
-0.780579
-0.248326
-0.434178
-0.896815
-0.444451
0.375723
-0.813039
-0.439916
0.723834
0.969689
0.564525
0.102886
0.798172
-0.665669
0.459034
-0.807192
0.578487
0.611578
-0.312960
0.254299
0.576463
0.045458
0.601549
0.856000
-0.881673
0.813015
0.862676
-0.179977
-0.902523
-0.733800
0.542495
-0.532112
0.057784
0.453149
0.114963
0.938616
0.530116
0.157651
-0.666489
0.783018
0.049757
0.497672
0.453114
-0.862373
-0.063023
-0.358174
-0.156320
-0.323601
-0.895202
0.002355
-0.941921
0.240151
0.743261
-0.828338
-0.961565
0.526273
-0.866677
-0.609044
-0.159142
0.108455
-0.342811
-0.738571
0.789302
-0.252671
-0.532411
-0.330291
-0.287288
-0.796279
0.107940
-0.668052
-0.730195
0.092214
-0.592904
-0.323514
0.438924
0.866840
0.534027
-0.594046
-0.549195
0.575285
-0.251598
0.499438
-0.899067
-0.477258
-0.646687
0.581840
-0.176898
-0.081271
-0.939870
-0.441645
0.800325
-0.791338
-0.759515
0.727700
0.037191
-0.901054
-0.282105
0.935137
0.160523
0.399206
-0.298198
-0.089047
-0.160995
-0.665791
-0.106702
0.153202
-0.880400
-0.336166
-0.663549
-0.619395
-0.479940
0.319802
0.513692
-0.451166
-0.919315
0.520274
-0.676096
0.721668
0.188547
0.120353
-0.420965
-0.032865
-0.512511
0.294866
0.796955
-0.941274
0.578873
0.866443
-0.036856
-0.678475
0.758822
0.066124
-0.045206
-0.119791
0.040420
0.438537
0.587314
0.795120
-0.599295
-0.011186
-0.332862
0.252250
-0.472078
0.892870
-0.236225
-0.202449
-0.811360
0.498660
-0.349646
-0.746390
0.198581
0.383491
-0.135097
-0.968602
-0.918488
-0.763747
-0.565401
-0.201875
0.359577
-0.511861
-0.811855
-0.009407
-0.653544
0.982180
-0.881405
-0.484443
0.629964
-0.672686
-0.671190
0.190203
0.846728
-0.248872
0.948795
0.113811
0.154418
0.326787
0.624012
-0.923543
-0.017520
-0.606563
-0.220224
-0.925307
0.128398
0.318905
-0.513515
0.030432
0.712283
-0.212445
-0.619376
-0.496732
-0.284412
0.314528
0.993192
0.235126
-0.108063
0.490330
0.257742
0.760150
-0.843536
-0.773439
0.096084
-0.727851
-0.197625
0.105137
0.073485
-0.647522
0.267507
-0.797039
-0.805019
-0.266407
0.618710
-0.928053
-0.331968
-0.665518
-0.103355
0.537609
-0.357907
0.218359
0.022773
0.695906
-0.457064
0.067273
-0.689422
0.697824
-0.902937
-0.434331
-0.687487
-0.026703
0.447676
-0.047267
-0.169699
-0.140573
-0.451329
-0.671276
0.626354
-0.009291
-0.913171
0.344043
0.286783
0.281600
-0.858383
-0.728589
0.891520
-0.468922
-0.400675
0.550050
0.504790
0.304798
-0.090703
0.162391
0.974664
-0.733791
0.161631
-0.467398
0.486266
0.542723
-0.546119
0.648887
-0.467904
-0.501568
-0.270431
0.658402
-0.860187
-0.057033
-0.405423
-0.178424
-0.368684
0.878258
-0.561728
-0.746662
0.076441
-0.450207
0.615919
-0.211523
0.758025
0.443364
0.275812
0.551799
0.780841
0.053654
0.946293
0.638748
0.488112
0.969855
-0.064941
0.199145
-0.782785
0.313800
0.103362
-0.399451
-0.677734
-0.470415
-0.354081
-0.527857
0.944388
0.820535
-0.732726
0.381834
-0.175388
0.853498
-0.458395
-0.820522
0.326922
0.808651
0.717789
0.001796
0.181266
0.866622
-0.029883
-0.466760
0.406192
0.649706
0.629780
0.430846
0.990597
-0.428108
0.989270
-0.041970
-0.744817
-0.427168
-0.795388
-0.886848
-0.247613
-0.353841
0.026802
-0.339326
-0.590690
0.185080
0.809865
-0.989183
-0.131983
0.599291
-0.044898
-0.544896
-0.967090
-0.521358
-0.225355
-0.455621
0.973287
-0.297780
-0.635994
0.851022
-0.375019
-0.209368
0.038096
0.277374
-0.464865
-0.407119
0.356136
-0.050626
-0.087675
-0.609327
0.189559
-0.794634
0.438800
-0.364905
0.694061
0.323828
-0.044276
0.600879
0.657442
0.115238
0.301252
0.674908
0.490343
0.556303
-0.187553
-0.512485
-0.366397
-0.804558
-0.315320
0.434340
0.666198
-0.948294
-0.888460
-0.182251
0.832755
-0.682816
0.472323
0.936370
-0.862542
-0.382965
-0.263404
0.693954
0.472763
-0.507566
0.108737
-0.620982
0.904459
-0.542064
-0.077159
0.888636
0.819286
0.566564
-0.538008
0.628277
0.899641
0.893849
0.862721
0.619485
0.494554
0.199289
0.042522
0.745031
-0.512945
0.113815
-0.928961
0.978966
0.226508
-0.275771
-0.346640
0.816217
0.457277
0.637432
0.976701
-0.412018
0.452373
-0.422087
0.763222
-0.796985
-0.423063
0.792052
-0.955454
0.044579
0.338354
0.551283
-0.439066
-0.244807
-0.710418
0.987095
-0.928859
-0.433357
0.305536
-0.953094
-0.139197
0.986250
0.819416
-0.202605
-0.360432
-0.885006
-0.208935
0.933146
0.793940
-0.544096
-0.463615
-0.167471
-0.148250
-0.337934
0.148521
0.934956
-0.685334
-0.283346
0.832390
0.786745
0.639355
-0.098165
0.747958
0.548772
-0.228504
0.188995
-0.067663
-0.972268
-0.304864
-0.809914
0.868362
-0.863530
-0.431440
-0.429834
-0.950849
-0.417137
-0.684891
0.066505
0.444753
-0.239131
0.065293
-0.494931
0.422869
-0.740915
0.029050
-0.949290
0.275465
-0.299585
-0.401986
0.664190
0.728884
0.339518
-0.852352
-0.313006
0.232325
-0.181566
0.589526
-0.931025
-0.007644
0.453801
0.178678
-0.898067
0.155797
-0.150010
0.380191
-0.314005
-0.321885
0.339715
-0.896698
0.792985
0.742226
-0.419917
-0.147008
-0.009552
0.470062
-0.291014
0.480009
0.783143
0.176801
-0.440172
0.862874
-0.292831
0.271423
-0.299280
0.146637
-0.327298
-0.003712
-0.412644
0.065692
0.314402
0.768636
-0.678351
-0.588411
0.493461
0.698543
0.803097
-0.639727
0.104982
-0.723773
-0.504075
0.494461
-0.121585
0.986221
0.482260
-0.129568
-0.682826
-0.771567
0.291013
0.566061
0.190969
0.551331
0.052122
-0.444254
-0.578387
-0.162430
0.138396
-0.090406
-0.434906
0.559229
-0.982246
-0.529905
-0.380078
0.520445
-0.870046
-0.890651
-0.796529
0.253145
-0.805734
0.405289
-0.191358
0.892923
-0.442282
0.536027
-0.832412
0.878587
0.052346
-0.647242
-0.995265
-0.075043
-0.686677
-0.741038
-0.648900
-0.758839
-0.616257
0.784842
-0.784299
0.434594
0.373340
0.511162
0.695369
0.152399
-0.770664
-0.690552
0.990600
0.934554
-0.760021
0.044961
-0.445573
0.662924
-0.135602
-0.281507
0.351427
-0.164673
-0.612872
-0.300875
0.435557
-0.052318
0.010678
0.935736
-0.670616
-0.320536
0.837985
0.464277
-0.870825
-0.694780
0.621582
-0.184654
0.006787
0.882599
-0.207818
0.854488
-0.849198
-0.080729
0.707552
0.227367
0.307574
0.393025
-0.012994
0.370347
0.180707
-0.061173
-0.831421
-0.716754
0.179258
0.724031
-0.755566
0.068412
-0.091017
-0.488343
0.640856
-0.665643
0.363250
0.217714
0.943567
0.941419
0.399476
0.775600
-0.833466
-0.350078
-0.733695
-0.716795
0.912936
-0.896122
-0.130973
-0.674487
0.731070
0.110795
0.871704
-0.632469
-0.076304
-0.198286
-0.653399
0.428863
0.762463
-0.122019
0.916212
-0.575463
-0.936787
0.461353
0.159531
0.054035
0.000037
0.158988
0.340048
0.102604
0.092497
-0.917448
-0.022534
0.369597
0.810193
0.133236
0.791655
0.992883
0.291386
0.702408
0.345564
0.892786
0.046543
-0.051901
-0.981295
-0.477797
-0.056843
-0.001037
0.604524
-0.018838
0.896422
-0.249190
-0.647641
-0.172969
-0.587158
-0.039258
-0.157218
0.344356
0.289625
-0.222325
-0.470950
-0.168603
-0.271118
-0.638511
-0.693546
0.944412
0.309799
-0.368495
-0.898996
0.213938
0.177280
-0.684386
-0.993537
-0.452178
0.442012
-0.970841
-0.350917
-0.083922
0.297090
-0.385582
0.875428
0.270408
0.349699
0.707569
0.247869
-0.229437
-0.775687
0.655229
-0.183166
0.002959
-0.065452
-0.817372
0.654111
0.432494
0.103266
0.596949
0.987548
-0.834865
0.030240
-0.969031
-0.841439
-0.326995
-0.245246
-0.431292
0.017722
0.990505
0.643557
-0.402723
0.219472
-0.614827
-0.984568
-0.518677
0.159357
0.484286
0.974526
-0.699584
0.901427
-0.931947
-0.152037
0.159147
0.732653
0.950080
-0.885407
-0.213665
-0.428915
0.360674
0.041703
0.917550
-0.234466
-0.034430
0.521072
0.676061
0.980892
-0.967399
0.314608
0.999987
-0.310114
0.729158
-0.901675
-0.239571
0.748619
0.560448
0.830441
0.360055
0.521724
0.032277
-0.078697
0.366197
0.274848
0.555655
0.454551
0.635494
-0.971700
-0.781826
-0.496052
-0.236476
-0.797109
0.855246
0.524343
0.344034
-0.851885
0.960630
-0.695173
0.035712
-0.555551
-0.251174
0.495884
-0.388881
-0.225993
-0.095192
0.921335
0.938141
0.211274
-0.832841
0.960753
0.942116
0.224304
-0.616979
0.733845
-0.714103
-0.345632
0.599833
0.243981
-0.719933
-0.762531
-0.844064
0.177610
0.790870
-0.722840
0.196063
0.560374
0.927547
0.417631
-0.081743
0.041671
-0.080549
0.189278
-0.514226
0.717353
-0.591343
0.196963
-0.015202
-0.101790
-0.235666
0.178313
0.532895
-0.798286
0.290265
-0.806637
0.249316
-0.056722
0.572374
-0.134246
-0.740673
0.231789
-0.212144
0.497884
-0.752061
0.941385
0.356703
-0.363618
0.693223
0.381462
0.777599
-0.779146
0.145526
-0.594425
-0.438298
0.505941
-0.045355
-0.389840
0.169044
0.064222
-0.903308
-0.760497
-0.431368
-0.992276
-0.938073
-0.584660
0.101378
0.264031
-0.395420
0.114559
0.012494
-0.070989
0.040023
0.581978
0.956459
-0.463954
0.895788
-0.769952
0.982304
0.500749
-0.136165
-0.067493
0.339667
0.264428
-0.138737
0.202635
-0.171965
0.464792
-0.725537
-0.120880
0.779911
0.666487
-0.072676
0.972934
-0.389184
0.275542
0.809563
0.228453
-0.113208
0.962217
0.004803
-0.415137
-0.227403
-0.983214
-0.973677
-0.576428
0.384975
-0.109531
-0.907270
0.357757
0.852729
-0.366694
-0.335636
-0.622626
0.515141
0.916045
-0.728911
0.268688
0.630325
-0.775258
-0.950196
0.032406
0.308599
0.600478
0.886917
-0.668131
-0.276237
0.662646
0.012942
0.562438
-0.171519
0.183293
0.435901
0.047012
0.711936
-0.055801
-0.112678
-0.684101
-0.308998
-0.463040
-0.712365
0.684451
-0.532886
0.182624
0.144309
-0.608337
0.504161
0.239555
-0.116397
-0.188962
-0.820721
0.838062
0.608353
0.847940
-0.749063
-0.532217
0.697884
0.415818
0.474815
0.518647
-0.484829
-0.858886
-0.461741
0.690546
0.157625
-0.551169
-0.719324
0.991422
-0.710108
0.356322
-0.709254
0.295345
-0.432166
-0.569868
0.688964
0.862028
0.925274
-0.484123
-0.230922
-0.493448
-0.935632
0.026047
0.313079
0.857206
0.301513
-0.598306
0.784101
-0.234169
-0.034340
0.718570
-0.385007
0.098475
0.128812
0.579759
0.669898
-0.571254
-0.694166
-0.093549
0.523322
-0.071682
-0.119083
-0.962451
-0.403505
-0.217024
-0.433216
0.039657
-0.852502
0.520599
-0.993336
-0.138194
0.088283
0.705800
-0.226144
0.890686
0.501544
-0.725415
-0.686642
-0.203127
0.995598
0.350952
-0.008045
-0.578234
-0.479110
0.550843
0.523225
-0.212508
0.406172
-0.316921
0.343682
-0.507858
-0.146891
-0.271925
0.490309
0.879299
-0.240251
-0.939352
-0.899473
-0.529510
0.244428
-0.531117
0.769087
-0.101959
0.660221
-0.683969
-0.100276
-0.746842
-0.804963
0.211701
0.044237
-0.282545
0.108743
0.290769
-0.608494
-0.238660
-0.088598
0.052901
0.940835
-0.658744
-0.320160
0.127101
-0.493560
0.135842
-0.835755
-0.635973
0.868957
0.668423
0.031670
0.105794
0.999320
-0.314530
0.031942
-0.129687
-0.971245
0.668519
-0.676050
-0.291652
0.306890
0.963187
0.923510
0.713372
-0.198111
0.629534
-0.891885
-0.034099
-0.417893
-0.052212
0.299318
0.589820
0.927009
-0.007138
-0.334047
0.384927
-0.941048
0.153442
-0.793220
0.850318
0.061104
0.576530
0.877927
0.612297
-0.958272
0.889394
-0.225978
0.793237
0.588494
0.631811
0.522057
0.786636
0.434453
0.114005
-0.995774
0.138847
0.306185
0.097876
0.380134
0.591075
0.207969
-0.940100
0.025812
-0.754404
0.475449
0.044896
0.804433
0.233911
0.395233
0.098346
-0.526975
0.061785
0.994903
-0.520536
0.613926
0.061701
-0.314474
0.359286
0.141530
0.288477
-0.148349
-0.451483
-0.496078
0.730722
-0.344950
-0.883078
-0.519024
0.068589
-0.740419
0.368437
0.741080
-0.036128
-0.639158
0.730362
0.104633
-0.474431
-0.336308
-0.126830
-0.570984
-0.086972
0.511891
-0.397662
0.200811
-0.801334
0.047491
0.443080
-0.319359
-0.225067
-0.041090
0.881674
0.367666
0.950761
-0.809611
0.100988
-0.102238
0.360359
0.631983
-0.975397
0.133602
0.568044
0.006296
-0.371891
0.690649
-0.426845
-0.022519
0.714319
-0.978766
-0.511446
-0.868841
0.638873
-0.444773
0.609950
0.879839
0.018409
-0.666601
0.340304
-0.471001
-0.558654
0.850994
-0.300438
0.448410
0.120394
-0.080450
0.030666
0.582522
0.501359
-0.722280
0.288826
-0.365999
-0.540696
-0.052006
0.618189
-0.782382
0.821944
-0.855342
-0.390089
0.368357
-0.812161
0.839182
0.208758
-0.195242
-0.413645
0.518556
-0.131204
0.199413
-0.747840
0.935388
-0.471180
-0.506021
0.453692
0.015234
0.136759
-0.219422
0.651789
-0.607144
-0.692154
0.630394
0.821452
-0.348964
0.497537
0.031425
0.601416
0.574054
-0.823599
-0.839189
-0.404303
-0.078929
-0.208766
-0.066289
0.731853
-0.212103
-0.099310
-0.643140
-0.485153
0.329023
-0.530628
-0.653823
-0.546839
0.737836
-0.315476
-0.800306
0.294066
0.983794
0.838825
-0.063045
-0.278859
-0.282350
0.306574
-0.188889
0.724185
0.618067
0.932440
0.945508
-0.447315
0.331430
-0.576960
0.997849
-0.035019
-0.991677
0.424175
0.455101
-0.800881
0.371973
-0.058872
0.121569
-0.511863
-0.484068
0.308057
-0.721998
0.498886
-0.781533
0.602947
-0.550713
-0.388025
-0.919826
-0.889179
0.117047
-0.483486
-0.700236
0.191925
0.773473
-0.758332
-0.810154
0.922028
0.009912
-0.740525
-0.007140
0.181035
0.084493
0.351501
0.792111
0.695410
-0.208491
-0.406339
0.734254
0.079097
-0.784966
0.968528
0.209308
-0.612642
0.198238
0.171693
-0.153010
-0.559083
-0.733347
-0.839669
-0.093483
0.489683
0.560306
0.062289
0.120047
0.880543
-0.731060
0.656654
0.313000
0.795421
-0.696706
0.658145
0.332825
-0.761706
-0.563486
-0.568350
0.846138
-0.634888
-0.721884
-0.234208
0.619571
-0.666091
0.108896
0.824781
0.367204
-0.352033
-0.712117
-0.039689
0.738179
-0.418056
0.083486
0.291288
0.850637
-0.931386
0.247403
-0.023100
0.612644
-0.668236
0.470614
0.377152
0.996284
-0.747968
0.131362
-0.641723
0.950430
-0.308075
0.801791
0.705244
0.488414
-0.470511
-0.276713
-0.041660
0.654536
-0.165374
0.311828
0.075072
0.239931
0.611599
0.781436
-0.825482
0.718483
0.948404
0.784232
-0.801367
-0.784774
-0.974339
-0.672914
0.553143
-0.502016
0.648217
0.032091
-0.863779
0.757288
0.956012
0.246020
0.215115
0.928509
0.932803
0.025865
0.900505
0.187784
0.243646
0.206218
-0.396474
0.395696
0.590981
0.244333
0.132329
-0.967266
0.200984
-0.608204
-0.028268
-0.681351
-0.629115
0.794111
-0.691717
0.136152
0.549319
0.206822
0.545412
0.360340
0.953596
0.485805
-0.607818
-0.522253
-0.197436
0.639576
0.168242
-0.366110
0.560566
0.703573
-0.053311
0.516982
-0.595380
-0.942486
-0.955659
0.351319
0.670691
0.973835
0.272564
0.429532
0.810904
0.443593
-0.419792
-0.717898
0.971187
0.552508
-0.217189
-0.465503
0.923686
0.829044
-0.083904
-0.993436
0.297021
-0.494230
-0.103542
0.280745
-0.484423
-0.356440
0.934273
0.373321
0.352618
0.678224
0.840256
-0.639255
-0.918271
-0.015157
0.314240
-0.376099
0.730171
-0.617945
-0.618582
0.689895
-0.740048
0.554821
-0.615028
0.605207
0.460487
0.688226
-0.819741
-0.754672
0.584623
-0.297820
-0.895979
-0.538645
-0.089117
0.455553
-0.358456
-0.683368
0.681798
0.485604
-0.106757
0.586821
-0.302237
0.366906
0.911876
0.060087
0.543446
-0.035148
-0.738041
-0.960711
-0.990124
0.982826
-0.717869
-0.843083
0.798053
-0.828296
-0.108934
-0.089711
-0.935924
-0.903992
-0.861724
-0.356532
-0.050697
-0.769119
0.279945
0.433097
-0.328897
-0.816271
-0.903303
-0.565337
-0.850759
0.142865
0.427898
0.969953
-0.760885
0.225280
-0.704680
-0.673737
-0.172033
0.676267
0.618191
0.291778
0.746043
-0.044078
-0.930567
0.704900
-0.837470
0.688563
0.717732
-0.373626
-0.238810
-0.529130
0.568978
-0.864784
-0.926968
-0.029080
-0.642097
0.642258
-0.972190
0.461855
0.887305
0.131917
0.492149
-0.739670
-0.875867
-0.670767
0.541365
-0.338707
0.080777
-0.869873
0.465136
0.062508
0.999303
0.843623
0.763042
0.661528
0.975184
0.068050
0.720474
0.292225
-0.483608
0.949986
-0.355861
0.177692
0.908735
0.239241
-0.733938
-0.492390
0.247202
-0.954810
0.347918
-0.378420
0.928023
-0.940413
0.193624
-0.847363
-0.388001
-0.908022
0.750523
-0.407937
0.762124
-0.216620
0.391968
0.448504
-0.736596
-0.987990
0.328829
-0.279790
-0.136313
0.201692
-0.244006
0.470623
-0.733224
-0.208632
-0.986609
-0.165653
0.718883
-0.325699
0.079168
-0.567086
-0.902348
0.785630
-0.105755
0.305176
0.545287
-0.660504
-0.551673
-0.962024
-0.942999
0.975094
0.686459
-0.797893
-0.583649
0.368619
-0.924684
0.583451
0.966078
0.983501
-0.812482
-0.354740
0.156013
0.160845
-0.521382
0.607340
0.234773
-0.201161
0.405282
0.794021
0.104774
0.217021
-0.233430
-0.674706
-0.099885
-0.670471
-0.167749
0.684624
0.174609
-0.729987
-0.287057
0.973877
-0.687436
-0.837666
0.254493
0.275105
0.282161
0.826053
0.347873
-0.643585
-0.896983
0.065920
-0.175035
0.307760
0.627807
-0.356746
-0.726088
-0.631949
-0.413657
-0.088619
0.395267
0.478933
-0.354611
-0.775589
-0.341317
0.587757
0.690010
-0.463833
0.485245
0.227615
-0.812425
-0.148211
0.978269
0.252202
-0.795131
0.991473
0.127830
-0.211480
-0.526938
-0.492110
-0.909092
0.328876
-0.277763
0.056157
-0.660816
-0.546267
0.476047
-0.796437
-0.721557
-0.196854
-0.109934
-0.141636
-0.384058
-0.082691
-0.920505
-0.123516
0.552100
0.514999
0.845010
-0.602135
0.132482
-0.467612
-0.993895
-0.514054
0.528776
-0.132284
-0.101055
-0.115207
-0.820211
0.048574
-0.136093
0.639390
0.275280
-0.556069
-0.893155
0.687819
0.223961
0.833045
0.506765
0.335615
0.319755
0.333414
-0.630845
0.064684
0.779965
-0.046300
-0.236795
-0.351807
-0.140773
-0.891572
0.251193
-0.819264
0.692259
0.980329
-0.911276
0.942095
0.057411
0.606869
-0.225455
-0.152077
0.879583
0.787819
0.331644
0.407841
0.424640
0.039721
-0.824436
-0.860223
0.834737
0.935452
-0.371207
-0.973319
-0.992283
-0.021151
0.349570
0.074815
-0.711688
-0.304371
0.391069
0.720435
-0.939665
-0.895023
-0.006364
0.494314
0.923708
-0.193106
0.413151
-0.982854
0.853413
-0.984082
0.798478
0.373357
0.386014
-0.012834
0.239193
-0.281809
-0.305768
-0.002949
-0.084569
0.236894
0.193798
-0.578617
-0.287234
0.053949
-0.771082
-0.374021
-0.994344
0.490017
-0.977531
-0.815013
0.734643
-0.787456
-0.958584
0.525357
-0.246738
-0.570405
-0.804913
0.593576
-0.296361
-0.504629
0.463877
-0.722665
0.543156
-0.701919
0.152096
0.320605
-0.266434
0.815500
0.950968
-0.801485
-0.270611
0.502878
-0.959305
-0.559892
0.157548
0.976763
0.651193
-0.060649
0.572652
-0.861964
-0.633001
0.610229
-0.061929
0.371078
-0.529223
-0.781311
-0.584575
-0.733372
-0.234744
0.338121
-0.971299
0.294858
-0.995455
0.719603
-0.135643
-0.741703
0.991539
0.945550
-0.437881
0.104970
-0.630755
-0.757482
0.561737
0.285385
0.291203
0.213084
0.995940
0.695584
0.761366
-0.788847
0.801544
0.940084
0.773975
-0.073116
-0.716407
-0.486653
-0.172536
-0.347806
0.260702
-0.993538
0.785443
0.406832
0.108194
0.086330
-0.622497
0.500674
0.745682
0.258941
0.026982
0.770948
0.872630
0.273917
-0.752610
-0.551324
0.533725
-0.197387
-0.462883
-0.752325
0.070721
0.479200
0.937877
0.296036
-0.578159
-0.114519
0.501803
0.539198
0.876912
-0.836717
-0.165898
0.580249
-0.363930
0.066697
0.617437
0.319653
-0.690165
0.780172
-0.807009
0.828946
-0.687554
-0.538912
0.845158
-0.414966
0.572004
0.158860
0.218212
-0.723523
0.384153
0.037030
0.077113
0.730867
-0.928667
-0.499742
0.164899
0.776866
-0.422497
0.917507
-0.646097
0.882486
0.709296
0.776696
0.126322
-0.904516
-0.395550
-0.761243
0.260849
0.355420
-0.339128
-0.735200
-0.587906
0.300153
-0.385267
0.128083
-0.478074
-0.811845
-0.659558
-0.886262
-0.737511
-0.194272
-0.593608
-0.749450
-0.722921
0.441175
-0.571077
0.102829
0.843674
-0.977986
0.612876
0.261546
0.164168
0.517302
-0.630334
0.903240
-0.523110
-0.971832
0.304101
-0.513788
0.709946
-0.048717
0.809317
0.573532
0.876798
-0.764661
-0.449847
0.939179
0.489198
0.542715
-0.385084
-0.094848
0.254316
-0.279115
-0.114880
-0.198582
-0.703316
-0.780445
0.047097
-0.487457
-0.578274
-0.795533
0.617234
-0.822943
0.278130
0.761450
-0.219899
0.814093
0.897416
0.643684
-0.433723
-0.707729
0.015110
0.691053
-0.030161
-0.962134
0.931765
0.335119
-0.003695
0.413044
0.090711
-0.149279
0.891217
-0.850989
0.733986
0.248272
-0.772939
-0.044008
-0.821678
0.377085
0.799374
-0.179556
-0.672408
0.044150
-0.424992
-0.803885
0.607150
0.353490
0.109733
0.409513
0.997050
-0.647987
-0.193619
0.107485
0.873712
0.995310
-0.709870
0.084160
-0.248125
-0.812807
0.534066
-0.028991
-0.804740
0.053490
-0.105933
0.374775
0.461459
-0.350386
-0.761777
-0.275691
0.158043
-0.252888
-0.598106
-0.853171
0.336651
-0.040446
0.300981
-0.958983
-0.704645
0.280197
0.865432
0.336449
0.746193
-0.287676
0.819057
0.806787
0.994105
0.647318
-0.164106
-0.876479
-0.523550
-0.781431
0.680819
-0.580536
-0.573812
-0.527250
-0.216417
-0.887078
-0.418401
0.341975
-0.313073
-0.077788
0.200951
-0.415874
0.451326
0.999261
0.257679
-0.190272
-0.029325
-0.033834
0.022077
0.863102
0.598580
0.351830
0.954455
-0.840716
0.603205
0.554186
-0.087697
0.116608
-0.631440
0.359045
-0.940567
-0.207910
-0.366030
-0.780090
-0.088718
0.539828
-0.547787
-0.800720
-0.343251
0.863791
0.179273
0.437734
-0.934073
-0.601995
0.323583
0.028621
0.057770
-0.459359
0.375054
-0.893853
0.851200
-0.467160
0.962906
-0.024722
-0.490187
-0.039613
-0.364152
-0.679731
0.497101
0.790019
0.458997
0.624377
-0.099767
0.488299
0.605326
0.474540
-0.495895
-0.693250
-0.144001
0.743702
-0.410198
0.134538
0.596595
-0.902722
0.028207
0.389970
0.542734
-0.742752
0.170461
0.646025
0.689334
-0.755974
0.557606
-0.702923
-0.555641
0.031638
0.795794
-0.485347
-0.665466
-0.801505
-0.502500
0.331907
-0.687415
-0.710880
0.191326
-0.771470
0.785278
-0.168884
-0.020472
-0.199543
-0.624934
0.061616
0.480877
0.816969
0.157270
0.603793
0.401821
0.293040
0.399574
0.779608
-0.375313
-0.600552
-0.649174
0.795766
0.351439
-0.570518
0.114583
-0.289263
0.435025
-0.714222
0.784636
0.315043
-0.288984
-0.766011
-0.962888
-0.651556
0.629589
0.432182
0.561974
0.725557
-0.935992
-0.701603
-0.156051
-0.020688
-0.406587
0.796943
-0.444215
-0.417655
0.169031
0.463914
0.143416
-0.892773
0.609192
0.185767
-0.153581
-0.912365
-0.861772
0.952815
-0.340217
-0.085697
0.301849
0.261310
0.968772
0.082149
-0.860080
0.156940
-0.177268
-0.429574
-0.705402
-0.358926
0.182953
0.503105
-0.306308
0.783059
-0.447531
0.514588
-0.595574
0.244191
0.059798
0.355625
0.036301
0.185384
-0.344768
0.222830
0.886444
-0.424527
-0.910541
0.799042
0.740078
-0.443991
0.417231
0.117290
-0.200153
-0.341383
0.457805
0.294899
0.963960
-0.417624
-0.964960
-0.659264
0.790249
0.321931
-0.718632
-0.258271
-0.044227
0.118669
0.255726
-0.942690
-0.597866
0.609249
-0.931239
0.746825
0.054449
0.125731
0.630804
0.326182
0.066330
-0.472482
0.972470
-0.852568
-0.111301
-0.166781
-0.868180
-0.241978
0.604161
0.789064
0.034051
0.544783
0.484195
0.105878
0.326590
0.614228
-0.367734
-0.003298
-0.252878
-0.027703
0.557441
-0.433371
0.112888
-0.391410
0.841829
0.673656
0.190091
-0.694248
0.665218
0.353108
0.778687
0.061972
0.536411
0.315286
0.919433
-0.920566
-0.447942
-0.103154
0.813929
0.600259
0.300445
0.998482
0.913222
-0.144596
-0.910018
0.146155
-0.591629
-0.463298
0.290906
-0.322143
0.810692
-0.086661
0.139201
-0.999189
-0.820173
-0.300574
-0.809318
-0.208020
-0.288167
0.398530
-0.296886
-0.119687
0.099037
0.069695
0.657976
-0.720372
0.884776
-0.071294
-0.008054
0.963275
-0.503934
0.143178
-0.386456
-0.652592
-0.348282
0.670818
-0.566130
0.469364
-0.070380
0.025716
-0.114720
0.701294
-0.722288
0.939853
0.358546
-0.295083
-0.166997
0.984457
0.369513
0.636255
-0.276166
-0.934215
0.030098
0.192681
0.293424
0.642773
-0.755827
0.894002
0.550115
-0.161712
0.095107
-0.083463
-0.771602
-0.218224
0.413990
0.512286
-0.491135
0.968403
-0.472767
0.691266
0.674544
-0.674855
-0.782430
-0.115444
-0.860112
0.488779
-0.732977
-0.124666
-0.363999
0.023857
0.637993
0.135297
-0.892933
0.143279
0.924224
0.753496
0.130511
-0.821632
-0.824166
-0.508698
-0.106675
-0.051563
-0.875523
0.772232
0.457178
0.553871
0.416842
-0.947626
0.901918
-0.123910
-0.404175
0.693325
0.655260
0.422177
-0.043336
0.789595
0.117910
0.817772
0.410345
0.615449
-0.660786
0.153942
0.306261
-0.007851
-0.391429
-0.872879
-0.774704
-0.882279
-0.317035
0.917524
-0.923470
-0.556165
-0.774071
-0.632398
-0.688391
-0.394840
-0.999906
0.432399
0.866352
-0.896630
-0.781326
-0.639807
-0.530971
-0.994755
-0.705876
0.369786
0.840959
-0.402603
-0.018217
0.339743
-0.380037
-0.152447
-0.404756
-0.795043
0.089128
-0.158426
-0.112806
0.336351
0.123424
-0.881913
0.084605
-0.495139
0.168264
0.683315
-0.177540
0.527623
0.574695
0.511334
0.471534
-0.138676
0.397146
0.531291
0.614134
-0.602225
-0.525357
-0.424060
-0.964424
0.094237
-0.584591
-0.826497
0.306950
-0.164830
-0.735391
0.838053
0.813608
0.755228
-0.485469
-0.330057
0.777447
0.371444
-0.020380
0.121744
-0.899664
0.473119
0.029872
0.013829
0.722530
-0.560293
0.658402
0.173073
-0.690147
0.094720
-0.821141
0.984703
0.395482
0.725836
-0.592844
0.374588
0.699384
-0.897237
-0.518125
-0.770812
-0.137185
0.469085
0.560814
-0.161619
0.318223
0.609020
-0.244224
-0.648791
-0.270413
0.868624
0.323036
-0.599242
0.228991
0.179044
0.861447
0.532774
-0.920958
-0.666004
0.800588
0.856198
0.053784
-0.320796
-0.218868
-0.774005
0.704064
-0.976424
-0.561394
-0.605678
0.242944
0.284679
0.236380
0.942454
-0.338545
0.724695
0.574247
-0.860489
-0.793658
0.495619
0.064882
-0.211346
-0.046831
-0.624767
0.020698
0.127235
0.533402
-0.311827
-0.201400
0.556925
-0.585487
0.556781
-0.554829
0.751864
-0.384474
0.480901
-0.150453
-0.540032
0.519543
0.904139
-0.143383
-0.629270
0.512528
0.789422
-0.653254
0.189775
0.761470
-0.695875
0.273810
-0.242068
0.428182
-0.121655
0.788795
-0.945432
0.814619
-0.629354
0.231799
0.146521
-0.882483
0.548714
0.356542
0.430129
0.061904
0.231683
0.303735
0.496263
0.701612
-0.377717
-0.674175
-0.435969
0.542774
0.210447
0.959075
-0.088961
0.598827
0.363596
-0.643860
0.565195
0.284443
-0.532306
0.676651
0.898654
-0.747849
0.257820
-0.824713
0.317662
-0.660360
0.237917
-0.903001
-0.514748
0.606660
-0.280322
-0.576869
0.872698
0.988392
0.245583
-0.773541
0.029698
-0.936694
-0.106248
0.025883
0.157405
0.218711
0.519180
0.809077
0.107849
0.386621
0.452338
-0.181575
0.966994
-0.208024
-0.527021
-0.588382
-0.159564
0.886630
0.907365
-0.565308
-0.265640
0.933737
-0.715550
0.142128
-0.359710
-0.972238
0.503824
-0.227212
-0.335524
-0.281118
-0.721567
0.927053
-0.661635
0.884377
0.822066
-0.760072
-0.124353
-0.096241
0.175450
0.003692
0.407338
-0.235542
0.455727
-0.278137
-0.882085
-0.383251
0.466676
-0.634387
0.051991
-0.009112
-0.929158
-0.479006
0.217766
0.219458
0.400602
0.628703
-0.962178
0.397426
-0.912021
-0.094700
-0.715763
0.072229
-0.852724
-0.095092
0.943636
-0.465834
-0.250051
-0.004306
-0.012337
-0.669970
0.908464
-0.938733
-0.192919
-0.197350
0.699712
-0.530578
-0.605677
0.893055
0.500054
0.719375
0.511386
-0.927022
-0.822273
0.773498
-0.658286
-0.626856
-0.534099
-0.457492
-0.214069
0.244423
0.660368
0.020803
0.017060
-0.946432
-0.365588
0.702015
0.924250
0.901747
0.838351
-0.486215
-0.823925
0.818657
-0.190089
0.009691
0.754996
-0.715353
0.202229
-0.998087
-0.091976
-0.817473
0.400755
0.555139
-0.827888
0.520950
0.495606
0.754768
-0.482188
0.051494
0.135662
-0.230683
-0.312317
0.363843
-0.952211
-0.679676
-0.410797
0.335817
-0.077022
0.721381
0.307519
-0.929922
0.116395
-0.122152
-0.321858
-0.976509
-0.332336
0.059508
-0.774024
0.036871
0.133456
-0.505139
0.150406
-0.933704
0.339837
0.718260
0.506758
-0.075933
0.489464
-0.437198
-0.040625
0.735955
-0.691213
-0.556928
0.313681
-0.921730
0.490830
-0.419154
0.813151
-0.204252
0.517581
0.958104
0.096096
-0.054407
-0.097651
-0.436706
-0.280033
-0.279616
0.001317
-0.763765
-0.892898
0.159202
0.291143
0.773771
-0.516548
-0.673885
0.387145
-0.134072
-0.615572
0.969503
0.666477
0.372250
-0.697540
0.237851
-0.997749
0.275313
-0.981853
0.808374
-0.989614
-0.383506
0.122015
-0.068330
-0.182044
0.090850
0.289024
0.295095
0.681608
-0.476233
0.405344
0.160097
-0.124117
-0.554541
-0.198928
-0.231917
0.229937
0.039279
0.112520
0.197550
0.034681
0.917560
0.795082
-0.503210
0.076409
0.498914
-0.168948
-0.826760
-0.146918
0.149853
-0.297783
-0.556898
-0.394798
-0.963182
0.269055
0.833441
0.290927
-0.143936
0.378388
0.466355
0.778525
-0.224026
-0.228565
0.133807
0.157754
-0.495559
-0.728827
0.696964
-0.204606
0.986292
-0.020822
0.819384
-0.705289
0.830405
0.326454
0.870008
0.850753
-0.812520
-0.854910
0.192392
-0.988582
-0.095755
0.847385
-0.374121
-0.025672
-0.132483
0.289040
0.657093
-0.080127
-0.076944
0.969959
-0.042262
-0.865075
0.886163
0.080393
0.687787
0.761193
-0.305427
0.471445
0.180024
0.214853
-0.614533
-0.334588
0.161743
0.130379
0.944117
0.561190
0.105384
0.486326
0.373976
-0.771369
-0.294987
0.189664
-0.794846
0.798873
-0.193139
-0.511151
-0.795903
-0.547039
0.100580
-0.653652
-0.353787
-0.188428
-0.782355
-0.470647
0.050745
-0.536289
0.503108
0.277026
-0.807685
-0.100696
-0.323690
-0.293611
0.241468
0.791627
-0.006435
0.580034
0.393201
0.780465
0.368890
0.746543
-0.777449
-0.784303
-0.532688
-0.389522
-0.712036
0.202853
0.504957
-0.414395
-0.989130
0.746828
0.784648
0.203654
0.714165
0.597412
0.426400
0.407141
-0.826808
0.245976
-0.546377
-0.643372
-0.078463
-0.848750
0.552748
0.902534
0.001413
0.214773
0.092344
-0.347084
0.575466
-0.191728
0.325761
0.273566
0.328632
0.925035
0.454524
-0.076220
0.541548
-0.557508
0.658029
0.160728
0.009592
-0.881015
0.702200
0.040903
-0.113578
0.977013
-0.016859
0.498845
0.346270
0.286752
0.760041
0.148815
0.756834
-0.886233
-0.978992
-0.620574
0.479571
0.257308
-0.783199
-0.111311
0.140514
-0.302214
-0.233623
0.662075
-0.276798
0.294415
0.659617
-0.476859
-0.173844
0.541372
-0.404134
0.416116
0.299573
-0.534304
0.423812
0.671065
0.820286
-0.220667
0.174394
-0.558643
-0.415585
0.505870
0.630587
-0.879689
-0.085659
-0.429841
0.666123
-0.109843
0.355310
-0.987756
0.450708
0.229718
0.129261
-0.160681
0.214245
-0.814848
-0.210317
0.222559
-0.065420
0.764484
-0.797247
-0.356948
-0.215642
0.285042
0.163919
0.775496
-0.030717
0.455172
0.220091
0.247345
0.134778
-0.189805
0.881768
-0.229245
0.819276
-0.810304
0.374755
-0.700073
0.365484
0.119343
-0.305360
-0.713931
0.782571
-0.781779
0.543776
-0.871657
0.499542
0.958868
0.153381
-0.272803
-0.859820
0.310736
-0.505935
0.774394
0.618741
0.640722
-0.747556
0.347992
-0.189465
0.126653
-0.227988
0.031064
-0.465731
-0.987149
0.498460
0.122121
0.577181
-0.464785
-0.512190
0.059939
-0.188165
-0.263090
-0.827897
-0.900134
-0.724252
0.134605
0.082964
-0.132625
-0.796740
-0.133540
-0.034949
0.436600
-0.235087
-0.784523
-0.549249
0.274322
0.851757
-0.706718
0.438007
0.848194
-0.801074
-0.180627
0.707998
-0.193525
-0.302890
-0.856721
-0.887554
0.149236
-0.137606
-0.581444
0.480792
0.750956
0.224826
0.210311
-0.027810
-0.553324
0.110487
-0.938990
-0.538210
-0.959954
-0.262673
0.487622
0.186423
-0.423461
-0.802325
0.715110
-0.186467
0.866545
-0.621873
0.015063
-0.076102
0.258719
-0.613015
-0.595535
0.911469
-0.355098
-0.130520
-0.912217
-0.051875
-0.795114
-0.664703
0.724293
-0.127703
-0.658361
-0.346264
-0.199704
-0.638228
-0.153244
0.116946
0.786518
0.143509
0.814568
0.953869
-0.035785
0.901787
-0.097484
0.168843
-0.054986
-0.969898
-0.426349
0.296902
0.715955
-0.380458
0.998824
-0.279391
0.374302
-0.773275
-0.493988
0.424487
0.349839
-0.954168
-0.264838
-0.119566
-0.931634
-0.212500
0.696289
0.522367
-0.342854
-0.231603
0.891309
-0.323896
0.836682
-0.241297
-0.084597
-0.411679
0.806733
0.333113
-0.337228
0.847456
-0.637678
-0.965087
-0.653871
0.182221
-0.064888
-0.831631
0.665109
0.675972
0.606453
-0.652255
0.273313
-0.371914
0.456591
0.721174
-0.713552
0.282376
-0.486833
0.222187
-0.799447
0.487576
0.541194
-0.147154
0.043669
0.052124
-0.196228
0.305662
0.000130
0.809942
0.106223
0.580917
-0.843731
-0.333567
-0.447619
0.103443
-0.000089
0.299205
-0.385935
0.633291
-0.878328
0.422443
0.193008
0.904615
0.447039
-0.571156
-0.206011
0.720592
0.707710
-0.459583
-0.092654
-0.318671
0.111038
0.089669
-0.262590
-0.372921
-0.768422
-0.664744
0.549652
0.966817
-0.873808
-0.535477
0.967191
-0.422444
-0.817703
-0.660701
-0.317291
0.435194
-0.104037
-0.893121
-0.843787
0.560501
0.625994
-0.690579
0.345120
-0.623678
0.480350
0.146244
-0.906975
0.609281
-0.760832
-0.906305
-0.165021
0.679736
-0.166588
0.053502
-0.073244
-0.905868
0.109778
-0.464777
-0.872535
-0.736000
0.951868
0.554760
-0.341430
-0.339540
-0.771891
0.358574
0.949730
0.529848
0.489357
0.820285
0.502590
0.825365
0.046433
0.370619
0.666363
-0.851084
0.073128
-0.142559
0.049797
0.602129
-0.290458
0.924683
0.538602
0.361335
-0.980104
-0.118520
-0.476689
-0.232389
-0.250029
-0.231368
0.393835
-0.299916
-0.523440
0.168977
0.333761
0.551535
-0.145345
-0.036533
0.334681
0.147442
-0.024559
-0.797092
-0.618176
0.571865
0.546602
0.347296
-0.857356
-0.505225
0.728389
-0.839232
0.938420
0.016739
0.452289
0.312197
0.336937
0.204061
0.812253
-0.969112
-0.203421
-0.386195
0.978118
0.475223
0.736948
0.835434
0.616358
0.659114
-0.547372
-0.568724
0.625803
-0.872818
-0.400450
-0.135272
0.885478
-0.628026
-0.044114
-0.768859
0.780260
-0.104873
0.092785
-0.824870
-0.709756
0.623120
0.565065
-0.928507
0.062248
-0.566423
-0.433650
-0.564283
-0.271620
0.658588
-0.585566
-0.275591
0.137329
0.891219
0.765192
-0.308494
0.941268
-0.511175
-0.005483
-0.423241
0.868989
-0.549018
0.758019
0.625894
0.590463
-0.685450
-0.032595
0.369354
-0.943095
-0.352297
0.925102
-0.280007
0.067423
-0.063631
-0.407257
0.270492
0.493271
-0.172212
0.873507
0.175782
0.686358
0.879757
-0.981060
0.655410
-0.316755
-0.779634
0.437662
-0.133772
-0.296297
-0.243369
-0.376795
0.985537
-0.786217
-0.289226
0.903700
-0.225866
-0.026253
-0.428231
-0.956403
0.444195
0.565266
-0.997349
0.475111
0.875802
-0.000453
0.211655
0.328486
0.644279
0.536754
0.456513
-0.086090
0.978350
0.616808
0.986127
-0.981845
0.142657
-0.124862
-0.730471
-0.077027
0.319435
0.804416
-0.695220
-0.672064
-0.340716
0.167141
0.653539
0.306610
0.165365
0.278018
-0.511703
0.846548
0.820453
0.180814
-0.305607
-0.049672
0.835447
0.168576
0.326503
-0.661647
0.193904
-0.058652
-0.802285
0.296334
-0.409381
-0.711035
0.695047
0.243388
0.775929
-0.404618
0.428466
0.714286
-0.038238
0.318774
0.466636
0.718657
-0.796094
0.192961
0.620533
0.989019
0.539724
0.472183
-0.897585
0.659507
0.623418
0.218137
-0.738316
-0.423348
-0.787008
0.169136
-0.004284
0.693264
-0.448568
-0.059577
0.204629
-0.028301
-0.967562
-0.796375
-0.021823
-0.042026
-0.083149
0.892836
-0.803470
0.363788
-0.060801
0.701840
0.464297
0.660024
-0.620498
-0.469077
-0.418343
-0.373541
-0.106515
0.931363
-0.727659
-0.912836
0.734395
0.235164
0.065028
-0.230982
0.254602
-0.800741
0.729746
-0.926365
0.089771
-0.576791
0.670100
-0.020805
0.231871
0.274108
0.918193
0.928497
-0.894046
-0.761552
0.599356
-0.933819
0.376799
-0.722349
-0.260109
-0.417245
0.896412
-0.311689
-0.873514
-0.556826
-0.372230
0.547006
-0.652842
-0.976064
0.951615
0.072485
0.411519
0.042772
-0.180731
0.467936
0.531855
-0.195693
-0.662445
0.569858
0.680779
-0.388461
0.783635
0.349960
0.586611
-0.525979
0.918033
0.289966
-0.496782
0.857170
-0.557971
-0.466668
-0.749050
0.777897
0.968726
0.317493
-0.285614
0.770028
-0.045277
-0.689327
0.178237
-0.831344
-0.874652
0.527528
-0.085521
-0.283529
-0.265253
0.901771
-0.344748
0.267044
-0.650340
0.926184
-0.074560
0.659137
-0.929972
-0.008466
0.425045
-0.641563
-0.896262
-0.278780
-0.722633
0.412756
-0.447313
-0.094190
0.172982
0.991824
-0.939148
0.797234
-0.323148
0.887201
-0.038348
0.619006
0.727782
0.204442
0.922812
0.172607
0.237424
-0.726050
0.281083
-0.206432
-0.683572
-0.454493
-0.589151
0.862047
-0.643372
0.243439
-0.189399
0.301432
0.160737
-0.711832
0.855599
-0.150985
-0.417907
0.085307
-0.426072
0.079521
0.586941
-0.846011
-0.992843
0.523556
0.756555
-0.627470
0.990330
-0.414222
-0.883895
-0.510638
-0.905635
0.548865
0.280736
0.861709
0.232076
-0.352490
0.971893
-0.437236
0.852588
-0.470895
0.887725
0.832501
-0.924136
0.516579
0.882622
-0.904824
0.754198
0.847583
0.633335
0.705760
-0.910408
-0.892705
0.939698
-0.773453
-0.705186
-0.478163
-0.657230
0.045177
0.878908
0.925916
0.578462
0.863070
0.901860
-0.978717
0.151751
0.435016
-0.171066
-0.913555
0.075211
-0.430252
-0.896468
-0.544578
0.049638
0.369564
0.164919
-0.263987
-0.015717
0.443920
-0.554373
-0.239448
0.095475
-0.751420
0.118989
-0.249586
-0.671796
0.299414
0.654782
-0.025146
-0.311498
-0.685722
-0.882554
0.764408
0.779106
0.422338
0.054150
-0.431421
0.434183
0.833702
0.035930
0.152959
-0.507049
-0.278172
0.948997
-0.468363
-0.078707
0.159931
-0.075870
0.254437
-0.993084
0.870592
0.163364
0.845317
-0.626099
-0.085895
0.256382
-0.934530
-0.928465
0.990597
0.321051
0.728032
-0.697950
-0.417049
-0.537493
0.482458
-0.024048
-0.949382
0.959332
-0.948666
-0.238911
-0.882414
0.107581
-0.836435
-0.077075
-0.475259
-0.602110
0.674835
-0.325585
-0.894147
0.707343
-0.843146
-0.000239
-0.508833
0.771446
0.305884
-0.698303
0.230527
0.828043
0.520497
0.490143
-0.503912
-0.337042
-0.685456
0.629817
0.006922
-0.851479
-0.267944
0.891003
0.222165
-0.645734
-0.846493
-0.079865
-0.793513
-0.241423
-0.913242
-0.610105
0.479588
-0.608924
0.451542
0.678702
-0.911268
-0.734885
-0.414889
-0.871317
-0.146193
0.567615
-0.001445
0.820523
0.710838
0.704783
-0.773585
0.906548
0.807324
-0.988179
0.995749
0.406241
0.390079
0.002347
-0.940886
-0.114670
0.181205
0.574005
-0.888042
-0.189923
-0.588014
0.648083
-0.596203
0.254499
0.916586
-0.118374
-0.919263
-0.227948
0.510067
0.575858
-0.360448
0.189437
0.583026
0.860145
-0.431382
0.446450
0.343604
-0.434533
0.025071
-0.850940
0.258959
-0.623598
0.766073
0.318292
0.657915
0.281533
0.798863
-0.887956
-0.814613
0.855732
0.760017
0.082279
0.801793
0.004689
0.574394
-0.744515
0.076111
-0.319949
0.181299
0.148427
0.838963
0.861307
-0.076588
-0.009184
0.181506
-0.868299
0.348258
0.379017
-0.035299
0.116574
0.878242
0.812328
0.500465
-0.457796
-0.029487
0.876495
0.847789
-0.583975
-0.826409
-0.350817
0.342271
0.839737
0.317319
0.573591
-0.679503
-0.669263
0.625643
-0.047876
-0.266969
-0.062366
-0.964329
0.685708
-0.563739
-0.217644
-0.944335
0.294118
0.224092
-0.361382
-0.410502
0.407920
-0.290332
-0.035853
0.335448
0.900208
-0.541726
-0.127006
0.251331
-0.927345
0.351308
0.194560
0.495275
0.850439
0.923036
-0.780951
-0.654556
-0.988314
0.751209
0.388471
0.035444
-0.797753
-0.501476
0.075320
-0.372880
0.525743
0.398688
-0.815021
-0.390143
-0.332211
-0.864608
0.575459
0.145470
-0.011366
-0.957812
0.778308
-0.746375
-0.588023
-0.895665
0.583540
-0.466240
-0.291559
-0.166499
-0.260415
-0.076368
0.404875
0.153447
0.803005
-0.926652
-0.626035
0.379133
-0.728250
0.680867
0.292591
-0.572019
-0.125220
0.703003
0.978517
-0.407935
0.417289
0.108137
-0.190922
-0.935301
0.648245
0.541223
-0.148151
0.169706
0.317241
0.063213
-0.894941
0.401240
0.917274
0.035429
-0.485062
0.808340
-0.554795
-0.048389
-0.061900
0.735150
-0.224008
-0.642027
-0.462632
-0.616456
-0.964655
0.848208
0.169996
0.293681
-0.711507
0.095226
-0.755022
-0.618997
0.280225
-0.723836
0.098522
-0.108327
0.499379
-0.666326
-0.183172
0.123882
-0.204506
0.077136
0.797764
0.956335
0.745807
0.244021
0.633302
-0.653929
0.180669
0.436199
-0.315297
-0.998352
0.901597
0.156108
0.385085
-0.391900
0.255233
0.757287
-0.635768
0.326099
-0.121324
-0.567251
0.578434
-0.382448
0.449569
-0.365138
0.479567
-0.332814
-0.387981
-0.244189
-0.019484
-0.685386
-0.239273
-0.921439
0.043127
-0.366266
0.837861
-0.584313
0.556515
-0.617777
-0.560424
-0.454026
-0.486062
-0.668224
0.192383
-0.280428
-0.616739
0.842809
0.301406
-0.145409
-0.879082
-0.587440
-0.573756
0.893623
-0.032515
0.645750
0.855412
-0.429271
0.826710
0.305027
-0.391849
0.566827
0.059836
0.384164
0.542762
-0.649008
-0.404089
0.613386
0.123803
-0.687512
-0.436578
-0.229998
0.616976
-0.242283
-0.899491
0.341532
0.097417
-0.872952
-0.455734
0.286663
0.352814
0.488744
-0.449296
-0.915139
-0.107911
-0.805045
0.288914
0.990447
0.694659
0.172273
0.662678
-0.416863
-0.301948
0.381588
-0.958109
-0.070422
0.875429
0.327038
-0.808818
0.423505
-0.608748
-0.548021
0.797697
-0.553006
0.721902
0.669590
0.950070
1.976985
-0.215369
0.780508
-0.918891
-1.149370
0.220046
0.323896
-0.003483
-0.696840
0.624676
-0.107968
0.585136
0.105163
0.912895
0.414324
-0.636564
0.327282
-0.312738
0.988994
0.026925
0.845067
-1.015938
0.382825
-0.655097
0.753576
-0.156410
0.833367
-0.974759
-0.293139
-0.835332
-0.068064
0.087749
0.561474
-1.135902
-0.593508
0.997408
0.377251
0.474743
-0.514061
-0.538506
0.879712
0.003543
0.071061
0.487822
-1.645550
-0.069345
0.560585
-0.036159
-0.356414
-0.794851
-0.607415
-0.303778
0.336913
0.882435
0.353798
0.539283
-0.536241
-0.561453
-0.107278
0.155394
0.458259
-0.449930
0.603542
-0.928694
-1.116232
0.316932
1.021556
0.862263
-0.207878
-0.975115
-0.339554
0.839929
0.411392
-0.299054
0.508997
0.177068
-0.008408
-0.578317
-0.844419
0.573898
-0.519416
0.124826
-0.301076
0.791207
0.280462
0.324387
-0.408099
1.070681
1.122276
0.146568
1.071592
-0.747794
0.437242
-0.059990
-1.314070
0.521700
-1.131257
1.150872
0.783347
1.686936
0.179175
-0.961120
-0.726724
0.351275
-1.288840
2.412266
-0.696229
0.059556
0.985765
-0.825138
-0.555523
-0.045321
-0.057546
0.424180
-0.859896
0.395891
-0.253886
-0.530450
-0.133681
0.261991
-0.184586
0.557689
-0.369758
0.176265
0.380878
0.412563
-0.704252
0.443169
0.154246
-1.476160
0.008388
-1.320889
1.080109
-0.620096
0.592408
-0.364677
-0.553597
-0.314391
-0.330034
-0.378724
0.287257
0.454231
-0.378559
-1.277732
-0.134937
-0.221160
1.065582
-1.584543
0.478917
0.029296
1.457344
-0.158696
-1.474909
1.116980
0.395358
-0.142635
-1.005538
0.340635
-0.713316
-0.739022
1.412161
-1.021429
-0.333252
-0.284482
1.951085
0.831696
1.919223
-0.934312
-0.463110
-0.971245
-0.362264
-0.957061
1.688713
-1.022485
-1.299960
0.004194
0.030444
-1.299096
-1.140197
0.599032
1.698034
-0.451124
0.209103
-0.549163
-0.899771
-0.431775
-1.354694
1.504909
-0.815412
-0.410696
-0.500013
0.851891
-0.775089
-0.498219
0.381025
0.615742
-0.926618
-0.424371
-0.544017
0.670229
-0.130586
-0.655794
-0.092618
0.157996
0.555583
0.724738
0.552340
-0.125674
-0.368246
0.334391
0.808047
-0.543444
-0.057082
0.341187
-0.537660
-0.378955
0.183526
-0.190105
-0.508110
-0.389549
-0.263330
-0.691670
0.875968
-0.080635
-0.163434
0.325971
-0.766203
-0.711793
0.321539
-0.268113
-0.044869
0.877010
-0.753080
-0.339969
-0.070676
-0.806188
0.192247
0.524562
0.443426
0.441313
-0.956754
-0.098769
-0.710206
0.425369
-0.415246
0.378191
-1.015988
-1.084891
0.071877
0.313441
-0.337658
-0.037396
-0.128922
0.128275
-0.417215
0.187392
-1.050292
-0.577593
-0.873402
-0.826527
-0.964724
-0.004265
0.445097
0.946906
0.901145
0.675830
0.184513
0.323478
-0.067311
-0.255366
0.452246
0.236772
-0.649680
-0.603531
-0.467375
-0.530078
-0.980493
0.770077
-0.298326
0.258289
0.637900
-0.143545
-0.456389
-0.284617
-1.036774
-0.949694
0.086108
-0.486182
-0.695813
0.470819
-0.012328
1.244189
1.634297
-0.453838
0.316374
-0.471721
0.819064
-0.875205
-1.395300
-0.087480
1.022149
1.869449
-0.171570
0.877914
0.475879
-0.220128
-0.335640
1.149386
0.163896
-0.443778
1.638014
-0.584650
-0.841757
-1.348704
-1.254374
0.865835
-0.604539
-0.340269
0.180536
-0.545476
-0.553847
-0.049440
-0.244289
0.343740
-1.169946
0.493975
-1.215706
1.678427
0.379243
-1.254267
0.482921
0.142572
0.241285
0.443650
-0.858845
-0.801556
-0.142561
-0.995174
-0.836485
0.528353
-0.617829
-0.805851
0.817884
0.460743
-0.624986
0.421566
-0.976882
0.242916
-0.295943
-0.369693
0.448288
0.042601
-0.301606
0.026425
-1.224252
0.958909
-0.586798
0.328351
0.630206
0.228371
0.739250
0.600285
-0.339462
0.757515
0.238159
-0.475513
0.632644
0.404139
-2.014485
2.810404
-0.183828
-0.755125
-0.280975
0.802445
-0.898362
-0.585395
0.881601
-0.623533
0.155404
-0.487280
0.400711
-0.911574
-0.940953
0.468725
-0.599181
-0.050341
0.563217
0.520661
-0.610474
0.408176
-0.650733
1.304742
-1.079432
-0.430658
0.416865
0.132681
1.207469
0.537306
0.674267
0.701460
0.145986
0.666943
0.569864
0.538726
-0.097973
0.290502
-1.227802
1.232181
-1.385950
-1.212090
0.056784
0.295470
-1.507399
0.556457
1.431452
0.452115
-0.411391
1.175792
-0.506413
0.171572
-0.415590
0.152435
-1.099241
-1.082810
0.291948
-0.828661
-1.240499
1.065292
-0.134952
0.239498
0.670782
-1.009423
1.018816
0.767999
-0.788202
-0.906290
0.097109
-0.464582
0.275708
-0.751130
-0.582772
0.744290
-0.386167
0.258388
-0.935161
0.640299
0.517441
-1.054133
2.442665
0.689035
0.863272
0.513812
0.095540
-0.744151
-0.167694
0.198852
0.717847
0.382358
-0.017824
-0.586441
-0.772435
-0.330901
-0.655627
-0.605760
-0.200217
-0.344474
2.133133
0.412020
0.294760
0.640886
0.092949
0.732607
-0.763778
-1.166607
-1.379193
0.577577
1.560063
0.959489
1.316971
-1.035731
-1.265256
0.285641
0.795506
1.250635
-0.705204
0.287428
-1.195080
-1.685843
0.781085
0.000252
1.204530
0.416767
-0.314518
-2.452168
0.702700
0.492158
1.409499
-1.464773
-1.277861
1.194118
0.296688
0.297078
1.298297
-1.151445
1.619054
-1.320254
1.684891
1.141247
-0.096850
-0.239233
-0.040556
-1.534941
0.579745
-0.331411
0.075934
0.076375
0.147876
1.471471
-1.122235
0.171357
0.291977
-0.221452
-1.025596
-0.848276
-0.165407
-0.799772
-0.452095
0.789447
0.360921
-0.621904
-0.405375
1.900531
-0.074201
0.857781
0.403406
-0.028097
0.022370
-0.231153
0.239515
0.648542
0.089537
0.259848
-0.083414
-0.319469
-0.123463
0.500707
-0.979191
0.733763
-0.099771
-0.951979
-0.835245
0.190077
0.462870
-0.385485
-0.899203
-0.289984
0.668511
0.271266
-0.210910
-0.471567
-0.811781
-0.289067
-0.940784
-0.693525
-0.998218
-0.204707
0.339776
0.596397
0.905370
0.594584
0.103652
0.695422
0.803395
0.015572
-0.700252
-0.263927
0.369750
-0.857650
-0.077260
-0.835222
0.116037
-0.589109
0.154361
0.368363
-0.637274
0.818915
0.966829
-0.064941
-0.061806
-0.089174
-0.747978
0.838118
0.648800
-0.735400
-0.592565
0.926598
-0.167481
-0.123482
0.978295
0.120809
-1.721847
0.080012
0.139504
-0.620815
0.072625
0.304000
0.301009
-0.285999
-0.656270
0.190057
-1.476504
0.200329
1.348383
0.504176
-1.333972
-0.487911
-1.355931
-0.054124
0.924847
-1.669246
0.268663
0.835079
-0.069782
-0.506414
-0.469397
0.290349
0.928484
-0.544909
0.189431
-0.175383
-0.290538
-0.817145
0.568611
0.733645
0.069501
0.058404
-0.432886
-0.568526
-0.936175
-0.085483
-0.133959
0.950337
-0.652900
-0.869783
-0.153803
-0.401195
-0.872204
-0.357698
-0.743499
-0.074517
-0.450611
-0.251124
-0.946227
-0.097837
0.172046
-0.679419
0.088388
-0.652263
0.432913
0.514682
1.083593
0.852664
-0.501876
1.270950
0.012718
0.561466
-0.091255
-0.473808
-1.598820
0.260363
1.132426
-0.600191
-1.820538
-0.041373
0.989968
0.080692
-1.376219
-0.948921
0.959984
0.352837
1.038650
-0.268632
0.691292
-0.076202
0.456637
-0.347320
0.141393
-1.622932
-0.455072
-0.687102
0.327875
0.456075
0.668601
-0.579673
-0.582184
0.861579
0.683314
0.181287
-0.409897
0.619678
0.475553
0.805573
0.899364
-0.115319
0.840313
0.484561
-0.622672
-0.573323
-0.154163
-0.520448
0.261159
0.058780
0.294849
0.464714
0.686829
-0.089125
-0.055327
0.908285
0.353701
2.019213
-0.584190
0.386413
-0.341866
-1.078477
0.973434
0.174854
0.182596
-0.324298
0.365342
-1.152635
-0.552177
-0.795746
-0.922314
0.803508
1.230058
-0.186373
0.259538
-0.635607
1.580383
-0.855946
-0.985285
1.249898
0.901721
-1.043182
-1.190148
0.797272
1.359457
-1.685537
-0.051544
1.908529
0.070998
0.051805
-0.847775
0.444219
0.795766
1.058808
-1.558893
0.177340
0.697551
1.521646
-1.355199
-1.275815
-0.409761
0.209844
-0.224959
0.588997
0.115079
-0.667496
0.227645
-0.629164
-0.014361
0.165424
0.243233
-0.132981
0.233127
-0.740639
0.590641
-0.170679
-0.520444
-0.577229
0.610545
-0.048604
0.676621
0.854360
0.813580
-0.512969
1.106550
-0.583291
-0.300452
-1.191149
-0.991712
-0.201431
0.040831
0.306846
0.372317
-0.925015
1.475364
-1.426659
0.034926
0.907181
1.213308
0.012698
-0.508969
-1.047385
-1.732886
0.828605
-0.624534
-0.114512
1.094539
0.493762
1.356872
0.078712
0.196911
-1.544124
0.314837
1.412467
0.299888
0.157066
1.159525
-0.522697
-0.219449
1.394577
-0.013731
1.174897
2.221178
-0.679660
-0.834001
-1.029304
0.390123
0.244749
-0.280520
-1.030052
0.193001
0.277525
-0.286141
0.187899
-0.489846
1.152098
0.400099
0.545275
0.365903
-0.157880
-0.298385
-1.241114
1.167337
-0.860650
-1.176016
0.254726
-1.023540
-1.302999
-0.556795
1.163526
0.915275
-0.807585
0.602225
-0.821308
0.137080
-0.865331
-0.736119
0.089700
0.481964
2.195415
-0.405684
0.350075
-0.132966
-0.021213
-1.297271
0.500534
-0.992432
0.474994
0.255432
-1.065510
-0.846611
0.412575
-0.982226
-1.033899
0.406467
0.535303
-0.471178
0.242886
-0.840586
0.171965
-0.631590
-0.879420
0.965049
0.368367
0.562259
0.323358
-1.415938
-1.370612
0.541080
-0.235981
0.094305
0.061152
1.375774
-0.458500
0.213186
-1.185737
-0.492930
-0.768751
-0.898772
-1.758048
0.881157
-1.455259
-1.842235
0.299754
0.384728
0.676580
-0.027672
-0.315982
-0.449936
1.525622
2.050731
-1.410429
0.149537
0.245543
0.520022
0.238962
0.567741
-0.074430
-1.101450
0.719975
1.030921
0.702232
-0.282776
-0.975357
-0.676728
1.798280
0.028879
1.034505
-0.040054
0.033738
-1.677689
0.724756
0.331467
0.745081
-0.573980
-0.726983
0.851907
-0.557381
-1.307150
0.756052
-1.181994
-0.510831
1.323068
0.501085
-0.601812
0.150453
-0.101095
-1.183509
-0.558280
0.877108
0.196813
-1.394338
-0.006221
0.410477
0.429479
-2.037302
-0.021411
0.489700
0.031074
0.521554
-0.032338
-0.745299
0.198942
0.461443
-0.269026
1.177174
0.117155
-0.995433
1.184675
-0.225801
-0.260851
-0.919509
-1.826682
1.034927
1.694036
0.178274
-1.732160
0.358249
0.708436
-1.070908
0.912667
0.500294
-0.684497
0.996833
0.905863
-0.421194
0.749466
0.615990
-0.791740
-0.252666
0.540989
0.689120
1.271231
-0.098635
-0.522079
-0.971656
1.239475
0.099816
-0.060391
-0.719755
-0.762649
0.970406
-0.089281
0.798186
0.820883
0.513381
-0.748504
-1.354034
-0.276825
0.482630
-0.747026
0.896652
-1.151563
-1.643580
1.027410
-0.130974
1.086831
0.964085
0.042614
-0.241624
-1.195477
-0.745143
1.539722
1.752427
-0.955723
-0.775995
0.356153
-0.342146
-0.165626
-0.151149
-0.719376
-1.578141
1.625157
0.349606
-0.667990
-1.398335
0.355821
-0.917279
1.250069
-0.820273
-0.001266
-0.189738
-0.016700
1.297237
1.683571
-2.030535
0.808254
-0.632302
0.608425
-0.418468
1.279573
0.313334
0.944896
1.134220
0.221497
-0.123381
-1.346234
0.386800
1.429148
-0.703288
-1.348698
-0.405719
0.910914
1.245727
0.023078
-0.082710
0.461407
0.512030
0.196084
-0.243566
-0.694647
0.145733
0.136672
-0.731975
-0.158100
1.022299
-0.549303
0.159325
1.139239
0.169784
0.243920
0.593928
-0.725945
0.019864
1.370397
0.933901
0.378825
-0.543574
0.492556
0.479675
-0.256649
-0.150638
0.843931
-1.200856
-0.045082
1.670592
-1.534938
1.062659
-0.474252
-1.317989
-0.079310
0.906418
0.186940
-1.407607
-1.577914
1.332193
-1.331799
0.052038
-0.346062
-0.634434
-0.880940
0.041625
1.882362
-1.096154
0.440136
0.685427
-0.671163
-0.824665
-0.886772
0.309495
-1.351463
0.543052
0.119660
-1.415335
-0.261410
1.469939
-0.038113
-0.406409
0.174584
-0.262585
0.962389
-0.922008
-0.132081
-0.406355
-0.149282
-0.840067
0.990092
1.480879
-0.273941
0.573827
-0.812214
0.005348
0.289415
1.527556
0.592139
0.969110
-1.161820
0.478072
-1.268524
-1.661570
-1.091786
0.743118
1.001256
-0.227868
-0.389183
-0.162305
-0.153426
0.171330
-1.477408
0.047212
-0.084902
0.581656
0.536316
-0.390457
-1.578184
-0.204227
0.898519
1.155864
-0.176791
-0.465103
0.284070
-0.760441
-0.257336
-0.182416
-0.962515
-0.261001
-0.454812
0.536005
0.000253
0.134722
-0.789475
0.129832
-0.889594
0.947615
-0.712653
-0.882190
0.857853
-0.457072
0.619376
-0.757170
0.495448
0.812920
0.159187
-0.429316
-0.565719
-0.352619
0.562518
-1.281979
-0.463954
0.241614
0.486598
0.459761
-0.173915
1.874250
0.444876
-0.993559
-1.085713
-0.773793
1.748946
0.944650
-0.103717
-0.114461
-0.578862
0.420998
0.144631
0.204407
-0.468729
-0.185335
-0.388076
0.110411
-0.285872
-0.179758
1.764688
0.258676
-0.387637
1.385685
-0.945397
0.833671
-0.486465
-0.237656
-0.251645
0.348491
-0.076298
-0.845404
1.711758
1.784502
0.430981
-0.799312
-0.898822
-0.202965
0.145771
-0.398131
-0.012049
-0.965256
0.361242
0.824618
-0.455544
-0.565540
0.645890
-0.737512
0.868470
0.270945
0.344748
-0.633662
-0.503154
0.874214
0.594118
-0.773057
0.481467
-0.399814
-0.353489
0.417352
0.699409
0.297193
0.670537
0.966673
-0.503091
-0.713197
1.633007
-0.682476
0.535700
0.584677
0.084232
1.013471
-0.219304
0.183717
-0.283384
-1.503064
1.506784
1.339758
0.323672
1.519607
-0.487198
1.812640
0.623383
0.737128
-1.478583
1.479892
0.344314
-0.935339
-1.094851
0.114562
-0.493130
1.374141
-0.910180
-0.727165
-0.490449
-0.026335
-1.410560
0.182962
-0.187487
-0.598103
-0.354401
0.285717
-0.744782
-0.795868
0.750173
0.687163
-0.590938
-0.795983
0.723669
-0.449203
0.798223
-0.476615
0.651426
0.438368
0.259947
0.270572
0.449680
0.940504
0.001490
-0.346152
-0.485394
0.442512
-0.171789
-0.046757
-0.797484
1.037175
0.561310
-0.667198
-0.226782
-0.491989
0.211981
-0.388394
-0.600747
-0.738314
-0.349573
1.168914
1.406889
0.935873
-0.383377
-1.015509
-0.664229
-1.182819
1.942312
-0.109303
1.314278
0.038836
1.546842
0.585103
-1.193626
-0.366644
-1.577965
1.496258
-0.605484
0.978378
-0.178085
-0.614146
1.535724
1.054889
-1.092111
-1.158519
1.158567
-0.015378
0.652905
0.474569
0.772182
1.268858
-0.238517
1.164704
-1.725190
0.752527
0.536685
0.426681
0.763751
-0.191103
0.528647
0.294036
0.411655
0.279010
-0.636767
0.790128
0.617652
0.406083
0.448826
-1.079574
-0.703157
-0.257403
-0.257989
-0.021194
0.292145
-0.803714
-0.434712
-0.333748
0.257173
0.815864
-0.659481
1.334177
-0.809674
-0.342460
-0.900897
-1.503963
1.146325
-1.487395
1.133000
-1.409574
0.249570
-0.272311
-1.198066
-0.105935
0.517406
-0.050558
0.689292
1.085866
0.936405
0.789699
-0.608543
-0.164100
-0.204568
-0.635059
-0.767063
0.640965
0.815276
-0.257768
1.129201
-0.006513
-0.323750
0.765873
1.105761
0.964572
-0.045828
-0.650416
0.791945
-0.019964
0.930961
-0.415173
-0.639421
0.267417
0.187741
0.856824
0.833663
-0.217770
-0.889707
-0.945551
-0.488498
-0.116261
-0.995355
0.125362
0.524502
-0.595315
-0.006306
-0.532008
-0.375623
0.493722
-0.476882
-0.588630
-0.599734
0.671115
-0.915465
0.586340
-0.630680
0.854733
-0.557105
-0.993072
-0.393831
0.552201
-0.757362
0.273519
0.576133
-0.266976
-0.708016
-0.853552
-0.362310
-0.184424
0.056633
0.904709
-0.459693
-0.686748
0.170148
0.141862
-0.504498
0.994957
0.102569
-0.124717
-0.698585
-0.682983
-0.548448
-0.679206
-0.077048
-0.651870
-0.845421
0.257694
-0.332387
-1.111322
-0.701129
0.016565
-0.732573
0.467441
0.042110
-1.119858
0.113918
-0.223492
0.831188
0.779869
-0.079432
-1.554380
0.671151
-0.611446
0.963128
-0.908115
0.912354
-0.612274
-0.485475
-0.050677
0.831840
-0.259676
-0.050925
-0.252216
0.242506
0.125598
0.225226
-0.239959
0.917085
-0.273398
-0.913235
-0.189586
1.062320
0.537751
0.285491
-0.304997
0.272131
0.721801
0.452585
0.766392
-1.034128
0.601802
-0.709760
0.506047
-0.153288
-1.003006
-0.260516
-0.836575
0.395149
0.701559
0.505753
0.092384
-0.071387
0.795085
0.279756
-1.007567
-0.284234
0.221702
-0.427575
-0.829563
-0.470834
-0.232036
0.690182
0.388306
-0.656463
0.596105
0.698928
0.221002
-1.058429
-0.780810
0.448478
0.409358
0.509665
-0.721594
0.523520
-0.025197
-0.854067
-0.703063
0.510618
0.100942
0.208537
-0.924307
0.511555
0.881054
0.091671
-0.164193
0.990269
-0.848109
-1.051698
-0.435764
0.267840
-0.728676
-0.276078
-0.882542
-0.548186
-0.605610
-0.703922
1.055487
-0.653867
-0.202102
0.467679
-0.037793
-1.062342
-0.148686
-0.903170
-0.917220
-0.459218
1.453513
0.541628
0.086197
-1.505458
1.442088
-0.321657
-0.567736
1.093597
0.190277
-0.643413
-1.490346
2.467190
-0.094512
0.136969
-1.192569
-0.580435
0.517498
1.191206
-0.216327
0.200783
0.986960
-0.184474
-0.774921
0.425135
-0.013680
1.055322
-0.318621
1.010315
-1.542611
0.846378
1.009410
0.460636
0.116352
-0.498955
0.662587
-0.758029
-0.872942
-0.535530
0.005681
-0.619981
1.023594
0.361556
0.609008
0.737796
-0.928818
-0.999600
1.061538
-0.513630
0.079647
0.383460
0.052077
0.983984
0.164786
0.033061
-0.454381
0.779507
0.414901
-0.875927
0.493693
0.815774
0.353725
0.297796
1.273152
0.229572
0.212813
0.249336
0.574697
0.317393
-0.069256
0.407713
-0.018675
-1.296873
2.123649
0.063381
0.946888
0.281142
-0.304530
-0.463042
-0.324251
-0.742534
0.461600
-0.380911
-0.699191
0.105089
-0.608693
-0.061503
1.134133
0.667845
0.459559
0.341704
-0.064460
-0.877977
0.775063
-1.061189
0.835486
0.619788
1.065256
-0.591430
0.846219
0.457171
-0.163935
-0.763854
-0.589556
-1.102484
-0.641147
0.890662
-0.581712
0.575671
-0.039170
0.998877
0.667439
0.692343
-0.120350
0.064328
-0.833908
-0.820870
-0.265562
0.364237
-0.017274
-0.398130
-0.684614
-0.680357
0.483200
0.216476
-0.339091
-0.366952
-0.243635
-0.781427
0.966487
-0.117610
-0.381645
0.854176
0.487422
-0.374575
0.591481
0.522046
-1.070198
1.312283
-1.004689
-0.296929
-0.188927
-0.191896
1.381300
0.220262
-0.187223
0.266840
-0.278445
0.312005
0.006344
0.653397
0.629082
-0.727062
-0.271522
-0.142019
-0.235435
-0.215101
0.512607
-0.232085
0.061310
0.815258
-0.871805
0.713807
0.153575
0.462705
-0.595573
-0.029949
-0.872551
-0.624891
-0.757737
-0.523557
-0.140921
-0.005113
-0.888282
-0.712982
-0.040807
1.007293
-0.008757
0.002885
-0.285484
0.450147
-1.221954
-0.719563
0.425123
0.370153
-1.277265
1.121394
0.553512
-0.143921
-0.190746
0.099176
0.330419
-0.701190
-0.869314
0.107150
-0.055251
-0.816825
-0.385910
-0.960051
0.227023
0.445804
-0.554130
0.041176
-0.090223
-0.969420
-0.442643
0.961678
0.490939
-0.129922
0.326781
-0.587642
0.552548
-0.950263
0.459034
0.134319
0.542055
-0.171014
-0.677961
0.824239
0.089249
-0.831256
-0.212113
0.986205
-0.558496
0.246688
0.474150
-0.723734
-0.853000
-0.887215
0.571451
-0.783837
-0.214989
0.344744
-0.875981
-0.292001
-0.170253
-0.080974
0.211366
-0.926848
-0.295492
-0.844064
-0.313465
-0.951868
0.292830
0.678342
0.740492
0.128758
0.907846
-0.387678
-0.773058
-0.052824
0.366318
-0.978514
0.570573
0.857123
0.132662
-0.344009
-0.198104
-0.614768
0.498384
0.034005
-0.225793
0.394334
1.160169
0.348935
-0.518184
0.138348
-0.275639
1.028560
-0.267195
0.164320
0.567463
-1.259136
-0.640077
-0.272373
-0.593990
-1.081614
1.156411
0.332175
-0.779364
0.821879
-0.039028
-0.382857
1.035648
-1.832033
0.800555
-0.245358
0.619164
0.654020
-1.464489
0.747167
0.688260
-0.997918
0.795078
-0.484723
1.135789
-0.541272
0.297666
-1.328592
0.154030
-2.555954
-0.206408
1.230116
1.208056
0.712010
-0.985880
-1.306296
0.287857
-0.289324
0.333136
-0.058047
0.549291
-1.679575
0.665755
0.254602
1.616084
-0.605608
0.092207
1.158736
-1.242555
-1.050587
1.489620
0.192103
-0.787173
0.137174
0.546209
0.764088
-2.013224
-0.018753
0.619260
-0.729645
0.471882
1.679123
0.592937
-0.608828
1.150511
-0.351906
-0.672531
-1.525346
0.608829
2.325808
-0.232092
-0.309362
-0.859333
-0.600896
0.259849
0.267726
-0.274295
-1.261220
-0.681438
-0.709265
0.202032
-0.924530
0.630691
0.190864
-0.903248
-0.749680
-0.663703
0.542398
-0.138369
-0.627103
0.730998
-0.342980
0.618032
-0.683127
0.477800
-0.803801
-0.394368
-0.233418
-0.474218
0.289673
0.619773
0.124323
0.742469
0.477565
-0.693152
0.505673
0.653287
1.086664
-1.260867
-1.188915
0.144087
-0.822052
0.062583
-0.946701
0.217042
0.804305
0.094013
-0.381750
-1.178488
-0.557283
0.470415
0.699804
0.030560
0.210216
1.069188
0.912432
0.707367
-1.445312
-2.160190
-0.088422
0.868812
1.002846
-1.213549
-0.323735
0.010787
0.008220
-0.321002
0.938653
-0.162600
-0.542664
0.056582
0.575127
0.374787
0.399197
-2.354286
0.394204
-0.395800
-0.660646
-0.842360
0.858253
-0.876652
0.541516
-0.326856
0.140684
0.721999
0.518969
0.945068
-0.543056
0.129089
0.997747
0.597779
-0.306218
1.135513
-0.922078
0.361276
0.684034
0.129528
0.864437
-0.634193
0.061013
0.746433
-0.347390
0.580688
-0.910602
-0.255151
0.207962
0.047909
-0.447927
-0.533903
0.609065
0.156356
-0.399691
-0.593344
0.610708
-0.090803
-0.592299
-0.667483
0.440893
0.975917
0.625347
-0.401191
-0.150183
0.010861
-0.559888
0.415944
-0.793552
-0.875854
-0.454529
-0.929115
-0.510046
0.606485
0.817317
0.142564
0.187172
0.906715
0.887413
-0.604425
-0.045376
-0.560514
-0.138328
-0.436310
0.594480
0.461981
-0.029654
0.205188
-0.628821
0.378047
0.537705
0.812072
0.353964
0.163052
-0.589119
-0.796219
-0.826087
-0.149007
0.619725
-0.619639
-0.024860
-0.834804
0.275356
-0.025092
0.019635
-0.478696
0.946295
-0.557273
0.904342
-0.538571
0.620402
-1.165483
-1.080098
0.121588
0.954056
0.493759
-0.750582
-0.847664
0.661775
-0.362269
0.047062
0.179107
-0.148868
-0.927914
0.640405
0.471737
0.414836
0.032205
0.713135
-0.729765
-0.772095
1.041473
-0.326602
0.634663
