#BPNN PARAM GENERATED AUTOMATICALLY IN 1614510388 SECONDS SINCE JABUARY 1, 1970
#!!DO NOT MODIFY!!
D=72
Q=64
L=35
0.680375
-0.124725
-0.647579
-0.341624
0.529743
0.115121
0.253194
-0.210957
0.260486
0.892959
0.174022
-0.048105
0.276819
-0.113915
0.386741
0.857355
0.238461
0.568284
-0.834846
0.473802
0.585132
0.586261
-0.838409
0.718958
0.682080
-0.600124
-0.873214
0.759769
-0.524308
-0.366279
-0.406040
0.516728
-0.717587
-0.439625
0.267976
0.848036
-0.827265
0.668298
-0.694958
-0.069221
0.767792
-0.686397
-0.052391
0.410695
-0.026534
0.719373
-0.936701
0.623159
0.829355
0.977944
0.736950
0.459620
-0.329425
-0.782344
-0.686950
-0.209440
0.914789
-0.559957
0.121663
-0.646180
-0.160429
0.769753
-0.362872
-0.999179
-0.211230
0.863670
-0.519875
-0.568889
0.398151
-0.147601
0.623284
0.412133
0.847025
-0.742923
-0.662326
0.514541
0.400679
-0.242579
-0.111805
-0.820690
0.405888
-0.722310
-0.715421
-0.995582
0.723517
0.429160
-0.970386
0.696058
0.991241
-0.489865
0.135633
0.240117
0.128968
0.767711
-0.621197
-0.150561
-0.140494
0.375533
-0.358287
-0.064353
-0.637291
0.040964
-0.811283
-0.071584
-0.650300
-0.099887
0.828120
-0.891125
0.510789
-0.658125
-0.768497
-0.304265
0.393460
0.710102
0.024015
-0.759598
-0.819476
0.694059
0.547206
0.699701
0.589489
0.791802
-0.697705
0.237612
-0.093383
0.396885
-0.836530
0.817719
0.566200
0.861620
0.595596
-0.865968
-0.757714
0.659878
-0.405709
0.737848
0.475877
0.736951
0.169170
0.555001
0.078827
0.295045
-0.527280
0.641851
0.048566
0.410600
0.538149
0.529849
0.226092
-0.426083
-0.574710
-0.059344
0.819371
0.153097
0.861750
0.645764
-0.601600
-0.110407
0.341204
-0.874106
-0.501465
0.469662
0.851637
0.670696
0.536510
0.921737
-0.367983
-0.483174
-0.328575
0.883448
0.731313
-0.332286
-0.836253
-0.345435
-0.483263
0.434095
-0.758487
-0.678037
-0.317477
-0.157117
-0.503750
0.984019
-0.677035
0.535230
0.178854
-0.721849
-0.010735
-0.802635
0.330317
-0.621710
-0.210986
0.901875
0.596878
0.441905
0.465309
0.285203
0.371572
-0.211223
-0.528609
0.094794
-0.074296
0.238929
-0.047291
-0.986027
-0.186770
-0.798629
0.306173
0.936789
0.779598
-0.534870
0.979083
0.074060
-0.114423
0.557078
-0.925187
-0.425645
0.772062
0.546040
-0.464843
-0.703529
0.766598
0.310512
-0.595347
-0.569933
0.421613
-0.438814
0.447803
-0.452538
-0.650078
-0.539722
0.017090
-0.670692
-0.529094
0.193916
-0.953354
-0.519610
-0.368558
0.999001
0.948075
-0.448135
-0.178699
0.941219
-0.766984
-0.397203
0.284118
-0.434935
-0.035232
-0.538621
-0.651341
0.909408
-0.948717
0.379536
0.724851
0.471047
-0.085161
0.940674
0.823296
-0.431413
0.313127
-0.559336
-0.232336
-0.511346
-0.614205
0.477919
-0.122876
0.439935
0.631098
0.157221
0.644852
-0.348577
-0.561690
0.017598
-0.513294
0.194227
-0.487023
-0.213805
0.137508
-0.096625
-0.461521
0.664452
-0.481526
-0.798583
-0.189823
0.565262
0.346539
-0.349199
-0.481310
-0.661782
0.126526
-0.749134
0.277714
0.959504
0.982132
-0.823740
-0.703922
-0.928305
-0.726076
-0.346391
-0.041369
-0.712757
0.686623
-0.166823
0.124828
0.644173
0.517937
0.482334
-0.518807
0.794272
0.597367
0.746434
0.449124
-0.424210
-0.814686
0.485127
0.957559
-0.340211
0.863281
0.186479
0.281379
0.635491
-0.604895
0.477069
0.934810
0.286687
0.548547
-0.347973
0.200878
0.864969
0.701173
0.855176
0.852135
0.472913
0.155357
0.738880
-0.301352
-0.990547
0.359720
-0.984240
0.538243
-0.037752
0.092444
-0.320760
-0.356036
0.300848
-0.711600
0.158342
-0.844126
0.015550
-0.760641
0.487065
-0.677013
0.465636
0.118499
-0.682785
-0.553119
0.875653
-0.373410
-0.236689
0.519196
0.853177
0.794848
-0.998465
-0.184082
0.172575
0.332011
-0.662121
0.339197
-0.038282
0.816208
0.833297
-0.845942
0.704207
0.893396
0.515310
0.937099
0.933005
0.653497
-0.145908
0.024841
0.291603
0.745726
-0.448206
-0.904036
-0.262955
-0.329554
0.279958
0.278917
0.017397
0.886103
0.458720
-0.786660
-0.533762
0.905324
-0.630312
0.053045
0.487452
0.843102
0.215201
0.028703
-0.623504
0.450267
0.638203
-0.711064
-0.831220
0.064437
0.576722
0.470295
-0.699801
-0.820782
-0.079383
-0.765459
-0.600765
-0.751527
0.541046
0.267468
0.899152
-0.017572
0.399567
-0.233973
-0.843518
0.122741
-0.188512
0.746407
-0.802067
0.793943
0.594674
0.275637
0.659434
-0.507111
0.531774
-0.972883
-0.114139
-0.378111
0.797417
0.286800
0.282002
-0.934750
-0.208940
-0.331168
-0.515045
-0.212735
-0.696270
0.294227
-0.335786
-0.038770
0.413501
0.576295
0.665369
0.536460
-0.291903
0.519470
0.932495
0.832546
0.277308
0.333127
0.853152
0.897822
-0.431347
0.164500
0.845137
-0.556548
-0.791652
-0.147177
-0.425621
-0.065131
-0.053909
0.128503
-0.732904
0.987055
0.369089
-0.941979
0.568593
0.375091
-0.427856
-0.677295
0.354683
0.693284
0.840797
-0.719840
-0.357657
-0.599664
0.008798
-0.294103
-0.162151
0.773730
-0.769172
-0.889349
-0.557659
0.505723
0.800130
0.076148
0.835957
0.043165
-0.736693
-0.813268
-0.124144
-0.178328
-0.021403
-0.817195
-0.583445
0.923191
-0.689535
-0.008101
0.786237
-0.855611
-0.603834
0.556386
-0.976615
-0.780579
-0.248326
-0.434178
-0.896815
-0.444449
0.375723
-0.813039
-0.452717
0.723834
0.969689
0.544797
0.102886
0.798172
-0.660659
0.458795
-0.807200
0.578487
0.611578
-0.312960
0.255036
0.583924
0.045458
0.601549
0.856000
-0.881673
0.832433
0.862676
-0.179973
-0.902523
-0.733805
0.542495
-0.532112
0.057784
0.453897
0.114963
0.938616
0.530116
0.157651
-0.666489
0.783018
0.059228
0.497672
0.452965
-0.862373
-0.063023
-0.358174
-0.156319
-0.323601
-0.895202
0.002355
-0.941921
0.240151
0.743261
-0.828338
-0.961565
0.526273
-0.866677
-0.609044
-0.159142
0.108455
-0.342811
-0.738571
0.789302
-0.252671
-0.532411
-0.330291
-0.287287
-0.796279
0.107945
-0.668052
-0.730195
0.064148
-0.592904
-0.323514
0.395670
0.866840
0.534027
-0.583061
-0.549529
0.575265
-0.251598
0.499438
-0.899067
-0.476228
-0.630328
0.581840
-0.176898
-0.081271
-0.939870
-0.399070
0.800325
-0.791328
-0.759515
0.727685
0.037191
-0.901054
-0.282105
0.936776
0.160523
0.399206
-0.298197
-0.089047
-0.160995
-0.665791
-0.085935
0.153202
-0.880726
-0.336166
-0.663549
-0.619395
-0.479939
0.319802
0.513693
-0.451166
-0.919315
0.520274
-0.676096
0.721668
0.188547
0.120353
-0.420965
-0.032865
-0.512511
0.294866
0.796955
-0.941274
0.578870
0.866443
-0.036856
-0.678475
0.758823
0.066124
-0.045210
-0.119791
0.040420
0.461053
0.587314
0.795120
-0.564595
-0.011186
-0.332862
0.243437
-0.471656
0.892885
-0.236225
-0.202449
-0.811360
0.497357
-0.362770
-0.746390
0.198581
0.383491
-0.135097
-1.002757
-0.918488
-0.763756
-0.565401
-0.201863
0.359577
-0.511861
-0.811855
-0.010721
-0.653544
0.982180
-0.881405
-0.484443
0.629964
-0.672687
-0.687850
0.190203
0.846990
-0.248872
0.948795
0.113811
0.154418
0.326787
0.624011
-0.923543
-0.017520
-0.606563
-0.220224
-0.925307
0.128398
0.318905
-0.513515
0.030432
0.712283
-0.212445
-0.619376
-0.496732
-0.284408
0.314528
0.993192
0.235126
-0.108064
0.490330
0.257739
0.760150
-0.843536
-0.748925
0.096084
-0.727851
-0.159846
0.105137
0.073485
-0.657118
0.267170
-0.797023
-0.805019
-0.266407
0.618710
-0.927008
-0.346258
-0.665518
-0.103355
0.537609
-0.357907
0.181172
0.022773
0.695897
-0.457064
0.067286
-0.689422
0.697824
-0.902937
-0.435763
-0.687487
-0.026703
0.447675
-0.047267
-0.169699
-0.140573
-0.469467
-0.671276
0.626639
-0.009291
-0.913171
0.344043
0.286783
0.281600
-0.858383
-0.728589
0.891520
-0.468922
-0.400675
0.550050
0.504790
0.304798
-0.090703
0.162391
0.974664
-0.733791
0.161631
-0.467398
0.486271
0.542723
-0.546119
0.648887
-0.467905
-0.501568
-0.270432
0.658402
-0.860187
-0.045312
-0.405423
-0.178424
-0.350621
0.878258
-0.561728
-0.751249
0.076351
-0.450199
0.615919
-0.211523
0.758025
0.443645
0.268981
0.551799
0.780841
0.053654
0.946293
0.620968
0.488112
0.969850
-0.064941
0.199152
-0.782785
0.313800
0.103362
-0.400135
-0.677734
-0.470415
-0.354081
-0.527857
0.944388
0.820534
-0.741398
0.381834
-0.175251
0.853498
-0.458395
-0.820522
0.326922
0.808651
0.717789
0.001796
0.181266
0.866622
-0.029883
-0.466760
0.406192
0.649706
0.629780
0.430846
0.990597
-0.428108
0.989270
-0.041970
-0.744817
-0.427168
-0.795388
-0.886848
-0.247614
-0.353841
0.026802
-0.339326
-0.590690
0.184088
0.809865
-0.989183
-0.133511
0.599291
-0.044898
-0.544508
-0.966699
-0.521359
-0.225355
-0.455621
0.973287
-0.298989
-0.635417
0.851022
-0.375019
-0.209368
0.038096
0.278879
-0.464865
-0.407119
0.356136
-0.050626
-0.087675
-0.609327
0.189559
-0.794576
0.438800
-0.364905
0.694061
0.323828
-0.044276
0.600879
0.658176
0.115238
0.301241
0.674908
0.490343
0.556303
-0.187553
-0.512485
-0.366397
-0.804558
-0.315320
0.434340
0.666198
-0.948294
-0.888460
-0.182251
0.832755
-0.682816
0.472323
0.936370
-0.862542
-0.382965
-0.263404
0.693954
0.472763
-0.507566
0.108737
-0.620982
0.904455
-0.542064
-0.077159
0.920163
0.819286
0.566564
-0.489421
0.628277
0.899641
0.881509
0.863036
0.619508
0.494554
0.199289
0.042522
0.744057
-0.531322
0.113815
-0.928961
0.978966
0.226508
-0.323596
-0.346640
0.816206
0.457277
0.637449
0.976702
-0.412018
0.452373
-0.423928
0.763222
-0.796985
-0.423065
0.792052
-0.955454
0.044579
0.315027
0.551283
-0.438700
-0.244807
-0.710418
0.987095
-0.928859
-0.433357
0.305536
-0.953094
-0.139197
0.986250
0.819416
-0.202605
-0.360432
-0.885006
-0.208935
0.933146
0.793940
-0.544096
-0.463615
-0.167471
-0.148243
-0.337934
0.148521
0.934956
-0.685335
-0.283346
0.832389
0.786745
0.639355
-0.092130
0.747958
0.548772
-0.219203
0.188995
-0.067663
-0.974630
-0.304908
-0.809911
0.868362
-0.863530
-0.431440
-0.429702
-0.954366
-0.417137
-0.684891
0.066505
0.444753
-0.248286
0.065293
-0.494933
0.422869
-0.740914
0.029050
-0.949290
0.275465
-0.299938
-0.401986
0.664190
0.728884
0.339518
-0.852352
-0.313006
0.227860
-0.181566
0.589595
-0.931025
-0.007644
0.453801
0.178678
-0.898067
0.155797
-0.150010
0.380191
-0.314005
-0.321885
0.339715
-0.896698
0.792985
0.742226
-0.419917
-0.147008
-0.009552
0.470062
-0.291014
0.480009
0.783143
0.176801
-0.440172
0.862873
-0.292831
0.271420
-0.299280
0.146637
-0.302387
-0.003712
-0.412644
0.104082
0.314402
0.768636
-0.688102
-0.588572
0.493480
0.698543
0.803097
-0.639727
0.105475
-0.738293
-0.504075
0.494461
-0.121585
0.986221
0.444472
-0.129568
-0.682835
-0.771567
0.291027
0.566061
0.190969
0.551331
0.050669
-0.444254
-0.578387
-0.162432
0.138396
-0.090406
-0.434906
0.540798
-0.982246
-0.529616
-0.380078
0.520445
-0.870046
-0.890651
-0.796529
0.253145
-0.805734
0.405289
-0.191358
0.892923
-0.442282
0.536027
-0.832412
0.878587
0.052346
-0.647242
-0.995265
-0.075043
-0.686677
-0.741036
-0.648900
-0.758839
-0.616257
0.784841
-0.784299
0.434598
0.373340
0.511162
0.666205
0.152399
-0.770664
-0.735498
0.990600
0.934554
-0.748606
0.045257
-0.445596
0.662924
-0.135602
-0.281507
0.350510
-0.147673
-0.612872
-0.300875
0.435557
-0.052318
0.054918
0.935736
-0.670605
-0.320536
0.837969
0.464276
-0.870825
-0.694780
0.623286
-0.184654
0.006787
0.882599
-0.207818
0.854488
-0.849197
-0.059150
0.707552
0.227028
0.307574
0.393025
-0.012994
0.370347
0.180707
-0.061173
-0.831421
-0.716754
0.179258
0.724031
-0.755566
0.068412
-0.091017
-0.488343
0.640856
-0.665643
0.363250
0.217714
0.943567
0.941416
0.399476
0.775600
-0.833466
-0.350077
-0.733695
-0.716794
0.912936
-0.896122
-0.136301
-0.674487
0.731070
0.102586
0.871704
-0.632469
-0.074219
-0.198029
-0.653402
0.428863
0.762463
-0.122019
0.915419
-0.572357
-0.936787
0.461353
0.159531
0.054035
0.008118
0.158988
0.340050
0.102604
0.092494
-0.917448
-0.022534
0.369597
0.810504
0.133236
0.791655
0.992883
0.291386
0.702408
0.345565
0.896727
0.046543
-0.051962
-0.981295
-0.477797
-0.056843
-0.001037
0.604524
-0.018838
0.896422
-0.249190
-0.647641
-0.172969
-0.587158
-0.039258
-0.157218
0.344356
0.289625
-0.222325
-0.470950
-0.168603
-0.271118
-0.638511
-0.693546
0.944412
0.309799
-0.368494
-0.898996
0.213936
0.177280
-0.684386
-0.976970
-0.452178
0.442012
-0.945309
-0.350917
-0.083922
0.290605
-0.385663
0.875439
0.270408
0.349699
0.707569
0.248119
-0.239094
-0.775687
0.655229
-0.183166
0.002959
-0.090584
-0.817372
0.654105
0.432494
0.103275
0.596949
0.987548
-0.834865
0.029273
-0.969031
-0.841439
-0.326996
-0.245246
-0.431292
0.017722
0.978247
0.643557
-0.402530
0.219472
-0.614827
-0.984568
-0.518677
0.159357
0.484286
0.974526
-0.699584
0.901427
-0.931947
-0.152037
0.159147
0.732653
0.950080
-0.885407
-0.213665
-0.428915
0.360674
0.041703
0.917550
-0.234466
-0.034430
0.521072
0.676060
0.980892
-0.967397
0.314608
0.999987
-0.324293
0.729158
-0.901675
-0.261423
0.748619
0.560448
0.835991
0.359807
0.521715
0.032277
-0.078697
0.366197
0.275612
0.563920
0.454551
0.635494
-0.971700
-0.781826
-0.474543
-0.236476
-0.797104
0.855246
0.524337
0.344034
-0.851885
0.960630
-0.694345
0.035712
-0.555551
-0.251173
0.495884
-0.388881
-0.225993
-0.084701
0.921335
0.937976
0.211274
-0.832841
0.960753
0.942116
0.224304
-0.616979
0.733845
-0.714103
-0.345632
0.599833
0.243981
-0.719933
-0.762531
-0.844064
0.177610
0.790870
-0.722840
0.196063
0.560374
0.927547
0.417631
-0.081743
0.041671
-0.080548
0.189278
-0.514226
0.717353
-0.591343
0.192634
-0.015202
-0.101790
-0.242336
0.178313
0.532895
-0.796592
0.290268
-0.806640
0.249316
-0.056722
0.572374
-0.134254
-0.738150
0.231789
-0.212144
0.497884
-0.752061
0.947951
0.356703
-0.363617
0.693223
0.381460
0.777599
-0.779146
0.145526
-0.594173
-0.438298
0.505941
-0.045354
-0.389840
0.169044
0.064222
-0.900106
-0.760497
-0.431418
-0.992276
-0.938073
-0.584660
0.101378
0.264031
-0.395420
0.114559
0.012494
-0.070989
0.040023
0.581978
0.956459
-0.463954
0.895788
-0.769952
0.982304
0.500749
-0.136165
-0.067493
0.339667
0.264428
-0.138737
0.202635
-0.171964
0.464792
-0.725535
-0.120880
0.779911
0.655579
-0.072676
0.972934
-0.405994
0.275542
0.809563
0.232723
-0.113322
0.962210
0.004803
-0.415137
-0.227403
-0.982863
-0.967319
-0.576428
0.384975
-0.109531
-0.907270
0.374303
0.852729
-0.366690
-0.335636
-0.622630
0.515141
0.916045
-0.728911
0.269325
0.630325
-0.775258
-0.950196
0.032406
0.308599
0.600478
0.894988
-0.668131
-0.276364
0.662646
0.012942
0.562438
-0.171518
0.183293
0.435901
0.047012
0.711936
-0.055801
-0.112678
-0.684101
-0.308998
-0.463040
-0.712365
0.684451
-0.532886
0.182624
0.144309
-0.608337
0.504161
0.239555
-0.116397
-0.188962
-0.820720
0.838062
0.608350
0.847940
-0.749063
-0.506840
0.697884
0.415818
0.513923
0.518647
-0.484829
-0.868819
-0.461955
0.690563
0.157625
-0.551169
-0.719324
0.992083
-0.724899
0.356322
-0.709254
0.295345
-0.432166
-0.608362
0.688964
0.862019
0.925274
-0.484108
-0.230921
-0.493448
-0.935632
0.024566
0.313079
0.857206
0.301512
-0.598306
0.784101
-0.234170
-0.053116
0.718570
-0.384712
0.098475
0.128812
0.579759
0.669898
-0.571254
-0.694166
-0.093549
0.523322
-0.071682
-0.119083
-0.962451
-0.403505
-0.217024
-0.433216
0.039657
-0.852502
0.520599
-0.993336
-0.138194
0.088288
0.705800
-0.226144
0.890686
0.501543
-0.725415
-0.686641
-0.203127
0.995598
0.345869
-0.008045
-0.578234
-0.486944
0.550843
0.523225
-0.210518
0.406373
-0.316924
0.343682
-0.507858
-0.146891
-0.272545
0.493272
0.879299
-0.240251
-0.939352
-0.899473
-0.521799
0.244428
-0.531116
0.769087
-0.101962
0.660221
-0.683969
-0.100276
-0.746545
-0.804963
0.211701
0.044238
-0.282545
0.108743
0.290769
-0.604733
-0.238660
-0.088657
0.052901
0.940835
-0.658744
-0.320160
0.127101
-0.493560
0.135842
-0.835755
-0.635973
0.868957
0.668423
0.031670
0.105794
0.999320
-0.314530
0.031942
-0.129687
-0.971245
0.668519
-0.676050
-0.291652
0.306890
0.963187
0.923510
0.713372
-0.198108
0.629534
-0.891885
-0.060968
-0.417893
-0.052212
0.257910
0.589820
0.927009
0.003379
-0.334216
0.384906
-0.941048
0.153442
-0.793220
0.850839
0.076766
0.576530
0.877927
0.612297
-0.958272
0.930152
-0.225978
0.793247
0.588494
0.631797
0.522057
0.786636
0.434453
0.115572
-0.995774
0.138847
0.306186
0.097876
0.380134
0.591075
0.227849
-0.940100
0.025500
-0.754404
0.475449
0.044896
0.804433
0.233911
0.395233
0.098346
-0.526975
0.061785
0.994903
-0.520536
0.613926
0.061701
-0.314474
0.359286
0.141530
0.288477
-0.148349
-0.451483
-0.496084
0.730722
-0.344950
-0.883078
-0.519023
0.068589
-0.740424
0.368437
0.741080
0.000339
-0.639158
0.730362
0.160833
-0.474431
-0.336308
-0.141104
-0.570952
-0.086942
0.511891
-0.397662
0.200811
-0.801430
0.026234
0.443080
-0.319359
-0.225067
-0.041090
0.826355
0.367666
0.950747
-0.809611
0.101008
-0.102238
0.360359
0.631983
-0.977527
0.133602
0.568044
0.006292
-0.371891
0.690649
-0.426846
-0.049502
0.714319
-0.978342
-0.511446
-0.868841
0.638873
-0.444773
0.609950
0.879839
0.018409
-0.666601
0.340304
-0.471001
-0.558654
0.850994
-0.300438
0.448410
0.120394
-0.080450
0.030666
0.582522
0.501359
-0.722274
0.288826
-0.365999
-0.540696
-0.052008
0.618189
-0.782378
0.821944
-0.855342
-0.424645
0.368357
-0.812161
0.785926
0.208758
-0.195242
-0.400119
0.518417
-0.131232
0.199413
-0.747840
0.935388
-0.470752
-0.485878
0.453692
0.015234
0.136759
-0.219422
0.704210
-0.607144
-0.692142
0.630394
0.821433
-0.348964
0.497537
0.031425
0.603434
0.574054
-0.823599
-0.839188
-0.404303
-0.078929
-0.208766
-0.040721
0.731853
-0.212505
-0.099310
-0.643140
-0.485153
0.329023
-0.530628
-0.653823
-0.546839
0.737836
-0.315476
-0.800306
0.294066
0.983794
0.838825
-0.063045
-0.278859
-0.282350
0.306574
-0.188889
0.724185
0.618062
0.932440
0.945508
-0.447315
0.331432
-0.576960
0.997847
-0.035019
-0.991677
0.436663
0.455101
-0.800881
0.391219
-0.058872
0.121569
-0.516751
-0.483777
0.308066
-0.721998
0.498886
-0.781533
0.602048
-0.557993
-0.388025
-0.919826
-0.889179
0.117047
-0.502431
-0.700236
0.191921
0.773473
-0.758327
-0.810154
0.922028
0.009912
-0.741255
-0.007140
0.181035
0.084492
0.351501
0.792111
0.695409
-0.217732
-0.406339
0.734399
0.079097
-0.784966
0.968528
0.209308
-0.612642
0.198238
0.171693
-0.153010
-0.559083
-0.733347
-0.839669
-0.093483
0.489683
0.560306
0.062289
0.120047
0.880543
-0.731060
0.656654
0.313001
0.795421
-0.696706
0.658145
0.332824
-0.761706
-0.563484
-0.568350
0.846138
-0.650927
-0.721884
-0.234208
0.594853
-0.666091
0.108896
0.831059
0.367148
-0.352045
-0.712117
-0.039689
0.738179
-0.417886
0.092835
0.291288
0.850637
-0.931386
0.247403
0.001231
0.612644
-0.668231
0.470614
0.377143
0.996284
-0.747968
0.131362
-0.640787
0.950430
-0.308075
0.801791
0.705244
0.488414
-0.470510
-0.264845
-0.041660
0.654350
-0.165374
0.311828
0.075072
0.239931
0.611599
0.781436
-0.825482
0.718483
0.948404
0.784232
-0.801367
-0.784774
-0.974339
-0.672914
0.553143
-0.502016
0.648217
0.032091
-0.863779
0.757288
0.956012
0.246020
0.215115
0.928510
0.932803
0.025865
0.900505
0.187784
0.242577
0.206218
-0.396474
0.394050
0.590981
0.244333
0.132747
-0.967645
0.200984
-0.608204
-0.028268
-0.681351
-0.627943
0.794733
-0.691717
0.136152
0.549319
0.206822
0.547032
0.360340
0.953596
0.485805
-0.607818
-0.522253
-0.197436
0.639576
0.168305
-0.366110
0.560566
0.703572
-0.053311
0.516982
-0.595380
-0.941696
-0.955659
0.351307
0.670691
0.973835
0.272564
0.429532
0.810904
0.443594
-0.419792
-0.717898
0.971187
0.552508
-0.217189
-0.465503
0.923686
0.829044
-0.083904
-0.993436
0.297021
-0.494230
-0.103542
0.280745
-0.484423
-0.356440
0.934273
0.373321
0.352618
0.678227
0.840256
-0.639255
-0.941909
-0.015157
0.314240
-0.412527
0.730171
-0.617945
-0.609329
0.690246
-0.740064
0.554821
-0.615028
0.605207
0.459403
0.702005
-0.819741
-0.754672
0.584623
-0.297820
-0.860122
-0.538645
-0.089105
0.455553
-0.358469
-0.683369
0.681798
0.485604
-0.105378
0.586821
-0.302237
0.366907
0.911876
0.060087
0.543446
-0.017659
-0.738041
-0.960986
-0.990124
0.982826
-0.717869
-0.843083
0.798053
-0.828296
-0.108934
-0.089711
-0.935924
-0.903992
-0.861724
-0.356532
-0.050697
-0.769119
0.279945
0.433097
-0.328897
-0.816271
-0.903303
-0.565338
-0.850759
0.142865
0.427898
0.969954
-0.760885
0.225281
-0.704680
-0.673737
-0.182869
0.676267
0.618191
0.275078
0.746043
-0.044078
-0.926326
0.704822
-0.837477
0.688563
0.717732
-0.373626
-0.238576
-0.522813
0.568978
-0.864784
-0.926968
-0.029080
-0.625658
0.642258
-0.972186
0.461855
0.887301
0.131917
0.492149
-0.739670
-0.875234
-0.670767
0.541365
-0.338707
0.080777
-0.869873
0.465136
0.070526
0.999303
0.843496
0.763042
0.661528
0.975184
0.068050
0.720474
0.292225
-0.483608
0.949986
-0.355861
0.177692
0.908735
0.239241
-0.733938
-0.492390
0.247202
-0.954810
0.347918
-0.378420
0.928023
-0.940413
0.193624
-0.847363
-0.388001
-0.908021
0.750523
-0.407939
0.762124
-0.216620
0.413557
0.448504
-0.736596
-0.954718
0.328829
-0.279790
-0.144763
0.201525
-0.243988
0.470623
-0.733224
-0.208632
-0.986092
-0.178237
0.718883
-0.325699
0.079168
-0.567086
-0.935099
0.785630
-0.105765
0.305176
0.545298
-0.660503
-0.551673
-0.962024
-0.944260
0.975094
0.686459
-0.797893
-0.583649
0.368619
-0.924685
0.567476
0.966078
0.983752
-0.812482
-0.354740
0.156013
0.160845
-0.521382
0.607341
0.234773
-0.201161
0.405282
0.794021
0.104774
0.217021
-0.233430
-0.674706
-0.099885
-0.670471
-0.167749
0.684624
0.174609
-0.729987
-0.287057
0.973877
-0.687436
-0.837667
0.254493
0.275100
0.282161
0.826053
0.380242
-0.643585
-0.896983
0.115804
-0.175035
0.307760
0.615138
-0.357045
-0.726065
-0.631949
-0.413657
-0.088619
0.396193
0.460066
-0.354611
-0.775589
-0.341317
0.587757
0.640907
-0.463833
0.485231
0.227615
-0.812407
-0.148211
0.978269
0.252202
-0.797022
0.991473
0.127830
-0.211483
-0.526938
-0.492110
-0.909092
0.304926
-0.277763
0.056534
-0.660816
-0.546267
0.476047
-0.796437
-0.721557
-0.196853
-0.109934
-0.141636
-0.384058
-0.082691
-0.920505
-0.123516
0.552100
0.514999
0.845010
-0.602135
0.132482
-0.467612
-0.993895
-0.514050
0.528776
-0.132284
-0.101055
-0.115209
-0.820211
0.048571
-0.136093
0.639390
0.294743
-0.556069
-0.893155
0.717813
0.223961
0.833045
0.499148
0.335920
0.319770
0.333414
-0.630845
0.064684
0.779022
-0.057645
-0.236795
-0.351807
-0.140773
-0.891572
0.221669
-0.819264
0.692252
0.980329
-0.911267
0.942095
0.057411
0.606869
-0.226591
-0.152077
0.879583
0.787818
0.331644
0.407841
0.424639
0.025320
-0.824436
-0.859997
0.834737
0.935452
-0.371207
-0.973319
-0.992283
-0.021152
0.349570
0.074815
-0.711688
-0.304371
0.391069
0.720435
-0.939665
-0.895023
-0.006364
0.494314
0.923708
-0.193106
0.413151
-0.982854
0.853413
-0.984082
0.798478
0.373356
0.386014
-0.012829
0.239193
-0.281809
-0.336704
-0.002949
-0.084569
0.189218
0.193798
-0.578617
-0.275125
0.053660
-0.771104
-0.374021
-0.994344
0.490017
-0.976639
-0.796980
0.734643
-0.787456
-0.958584
0.525357
-0.199810
-0.570405
-0.804901
0.593576
-0.296379
-0.504630
0.463877
-0.722665
0.544963
-0.701919
0.152096
0.320606
-0.266434
0.815500
0.950969
-0.778596
-0.270611
0.502518
-0.959305
-0.559892
0.157548
0.976763
0.651193
-0.060649
0.572652
-0.861964
-0.633001
0.610229
-0.061929
0.371078
-0.529223
-0.781311
-0.584575
-0.733372
-0.234744
0.338121
-0.971299
0.294851
-0.995455
0.719603
-0.135643
-0.741701
0.991539
0.945551
-0.437881
0.104970
-0.639308
-0.757482
0.561737
0.272204
0.291203
0.213084
0.999287
0.696000
0.761361
-0.788847
0.801544
0.940084
0.772689
-0.068131
-0.716407
-0.486653
-0.172536
-0.347806
0.273677
-0.993538
0.785446
0.406832
0.108189
0.086330
-0.622497
0.500674
0.746182
0.258941
0.026982
0.770948
0.872630
0.273917
-0.752610
-0.544995
0.533725
-0.197487
-0.462883
-0.752325
0.070721
0.479201
0.937877
0.296036
-0.578159
-0.114519
0.501803
0.539198
0.876912
-0.836717
-0.165898
0.580249
-0.363930
0.066697
0.617437
0.319653
-0.690165
0.780172
-0.807009
0.828946
-0.687554
-0.538912
0.845158
-0.414963
0.572004
0.158860
0.190290
-0.723523
0.384153
-0.006001
0.077113
0.730867
-0.917738
-0.499579
0.164876
0.776866
-0.422497
0.917507
-0.646599
0.898761
0.709296
0.776696
0.126322
-0.904516
-0.353194
-0.761243
0.260860
0.355420
-0.339144
-0.735200
-0.587906
0.300153
-0.383636
0.128083
-0.478074
-0.811845
-0.659558
-0.886262
-0.737511
-0.173612
-0.593608
-0.749774
-0.722921
0.441175
-0.571077
0.102830
0.843674
-0.977986
0.612876
0.261546
0.164168
0.517302
-0.630334
0.903240
-0.523110
-0.971832
0.304101
-0.513788
0.709946
-0.048717
0.809317
0.573529
0.876798
-0.764661
-0.449847
0.939180
0.489198
0.542716
-0.385084
-0.094848
0.247527
-0.279115
-0.114880
-0.209044
-0.703316
-0.780445
0.049754
-0.487544
-0.578278
-0.795533
0.617234
-0.822943
0.278397
0.765407
-0.219899
0.814093
0.897416
0.643684
-0.423425
-0.707729
0.015113
0.691053
-0.030165
-0.962134
0.931765
0.335119
-0.003299
0.413044
0.090711
-0.149279
0.891217
-0.850989
0.733986
0.253295
-0.772939
-0.044087
-0.821678
0.377085
0.799374
-0.179556
-0.672408
0.044150
-0.424992
-0.803885
0.607150
0.353490
0.109733
0.409513
0.997050
-0.647987
-0.193619
0.107485
0.873712
0.995310
-0.709870
0.084158
-0.248125
-0.812807
0.534066
-0.028990
-0.804740
0.053490
-0.105933
0.374775
0.461787
-0.350386
-0.761777
-0.275185
0.158043
-0.252888
-0.598235
-0.853529
0.336651
-0.040446
0.300981
-0.958983
-0.703539
0.280005
0.865432
0.336449
0.746193
-0.287676
0.818559
0.806787
0.994105
0.647318
-0.164106
-0.876479
-0.523550
-0.781431
0.680800
-0.580536
-0.573812
-0.527250
-0.216417
-0.887078
-0.418401
0.341732
-0.313073
-0.077784
0.200951
-0.415874
0.451326
0.999261
0.257679
-0.190272
-0.029325
-0.033834
0.022077
0.863102
0.598580
0.351830
0.954455
-0.840716
0.603205
0.554186
-0.087697
0.116608
-0.631440
0.359045
-0.940567
-0.207910
-0.366030
-0.780090
-0.088718
0.539824
-0.547787
-0.800720
-0.311709
0.863791
0.179273
0.486344
-0.934073
-0.601995
0.311237
0.028764
0.057796
-0.459359
0.375054
-0.893853
0.850757
-0.485546
0.962906
-0.024722
-0.490187
-0.039613
-0.412000
-0.679731
0.497088
0.790019
0.459015
0.624377
-0.099767
0.488299
0.603484
0.474540
-0.495895
-0.693251
-0.144001
0.743702
-0.410198
0.111200
0.596595
-0.902355
0.028207
0.389970
0.542734
-0.742752
0.170461
0.646025
0.689334
-0.755974
0.557606
-0.702923
-0.555641
0.031638
0.795794
-0.485347
-0.665466
-0.801505
-0.502500
0.331907
-0.687415
-0.710875
0.191326
-0.771470
0.785278
-0.168886
-0.020472
-0.199540
-0.624934
0.061616
0.461655
0.816969
0.157270
0.574170
0.401821
0.293040
0.407098
0.779625
-0.375327
-0.600552
-0.649174
0.795766
0.351389
-0.559313
0.114583
-0.289263
0.435025
-0.714222
0.813795
0.315043
-0.288977
-0.766011
-0.962897
-0.651556
0.629589
0.432182
0.563097
0.725557
-0.935992
-0.701603
-0.156051
-0.020688
-0.406586
0.811165
-0.444215
-0.417878
0.169031
0.463914
0.143416
-0.892773
0.609192
0.185767
-0.153581
-0.912365
-0.861772
0.952815
-0.340217
-0.085697
0.301849
0.261310
0.968772
0.082149
-0.860080
0.156940
-0.177268
-0.429577
-0.705402
-0.358926
0.182953
0.503106
-0.306308
0.783062
-0.447531
0.514588
-0.620473
0.244191
0.059798
0.317253
0.036301
0.185384
-0.335022
0.222822
0.886427
-0.424527
-0.910541
0.799042
0.740105
-0.429478
0.417231
0.117290
-0.200153
-0.341383
0.495575
0.294899
0.963969
-0.417624
-0.964973
-0.659264
0.790249
0.321931
-0.717178
-0.258271
-0.044227
0.118672
0.255726
-0.942690
-0.597866
0.627672
-0.931239
0.746535
0.054449
0.125731
0.630804
0.326183
0.066330
-0.472482
0.972470
-0.852568
-0.111301
-0.166781
-0.868180
-0.241978
0.604161
0.789064
0.034051
0.544783
0.484195
0.105878
0.326590
0.614226
-0.367734
-0.003298
-0.252878
-0.027703
0.557441
-0.433370
0.112888
-0.391410
0.835431
0.673656
0.190091
-0.704108
0.665218
0.353108
0.781191
0.062065
0.536407
0.315286
0.919433
-0.920566
-0.448232
-0.099425
0.813929
0.600259
0.300445
0.998482
0.922927
-0.144596
-0.910016
0.146155
-0.591630
-0.463298
0.290906
-0.322143
0.811066
-0.086661
0.139201
-0.999189
-0.820173
-0.300574
-0.809318
-0.203286
-0.288167
0.398455
-0.296886
-0.119687
0.099037
0.069695
0.657976
-0.720372
0.884776
-0.071294
-0.008054
0.963275
-0.503934
0.143178
-0.386456
-0.652592
-0.348282
0.670818
-0.566130
0.469364
-0.070380
0.025715
-0.114720
0.701294
-0.722288
0.939853
0.358546
-0.295080
-0.166997
0.984457
0.344870
0.636255
-0.276166
-0.972192
0.030098
0.192681
0.303069
0.642662
-0.755844
0.894002
0.550115
-0.161712
0.095446
-0.069099
-0.771602
-0.218224
0.413990
0.512286
-0.453753
0.968403
-0.472758
0.691266
0.674531
-0.674855
-0.782430
-0.115444
-0.858673
0.488779
-0.732977
-0.124664
-0.363999
0.023857
0.637993
0.153530
-0.892933
0.142992
0.924224
0.753496
0.130511
-0.821632
-0.824166
-0.508698
-0.106675
-0.051563
-0.875523
0.772232
0.457178
0.553871
0.416842
-0.947626
0.901918
-0.123910
-0.404175
0.693325
0.655260
0.422172
-0.043336
0.789595
0.117910
0.817773
0.410345
0.615447
-0.660786
0.153942
0.324345
-0.007851
-0.391429
-0.845009
-0.774704
-0.882279
-0.324114
0.917914
-0.923458
-0.556165
-0.774071
-0.632398
-0.689596
-0.405381
-0.999906
0.432399
0.866352
-0.896630
-0.808759
-0.639807
-0.530978
-0.994755
-0.705867
0.369786
0.840959
-0.402603
-0.019272
0.339743
-0.380037
-0.152448
-0.404756
-0.795043
0.089127
-0.171806
-0.112806
0.336561
0.123424
-0.881913
0.084605
-0.495139
0.168264
0.683314
-0.177540
0.527623
0.574695
0.511334
0.471534
-0.138676
0.397146
0.531291
0.614134
-0.602225
-0.525357
-0.424060
-0.964424
0.094241
-0.584591
-0.826497
0.306950
-0.164830
-0.735391
0.838055
0.813608
0.755228
-0.503904
-0.330057
0.777447
0.343033
-0.020380
0.121744
-0.892448
0.473494
0.029857
0.013829
0.722530
-0.560293
0.657243
0.183819
-0.690147
0.094720
-0.821141
0.984703
0.423447
0.725836
-0.592837
0.374588
0.699376
-0.897237
-0.518125
-0.770812
-0.136108
0.469085
0.560814
-0.161618
0.318223
0.609020
-0.244224
-0.635151
-0.270413
0.868410
0.323036
-0.599242
0.228991
0.179045
0.861447
0.532773
-0.920958
-0.666004
0.800588
0.856198
0.053784
-0.320796
-0.218868
-0.774005
0.704064
-0.976424
-0.561394
-0.605678
0.242944
0.284676
0.236380
0.942454
-0.338545
0.724695
0.574247
-0.860487
-0.793658
0.495619
0.048023
-0.211346
-0.046831
-0.650749
0.020698
0.127235
0.540001
-0.312081
-0.201414
0.556925
-0.585487
0.556781
-0.554044
0.761691
-0.384474
0.480901
-0.150453
-0.540032
0.545117
0.904139
-0.143376
-0.629270
0.512521
0.789421
-0.653254
0.189775
0.762454
-0.695875
0.273810
-0.242067
0.428182
-0.121655
0.788795
-0.932958
0.814619
-0.629551
0.231799
0.146521
-0.882483
0.548715
0.356542
0.430129
0.061904
0.231683
0.303735
0.496263
0.701612
-0.377717
-0.674175
-0.435969
0.542774
0.210447
0.959075
-0.088961
0.598827
0.363594
-0.643860
0.565195
0.284443
-0.532305
0.676651
0.898657
-0.747849
0.257820
-0.848903
0.317662
-0.660360
0.200636
-0.903001
-0.514748
0.616129
-0.280116
-0.576885
0.872698
0.988392
0.245583
-0.774178
0.043798
-0.936694
-0.106248
0.025883
0.157405
0.255408
0.519180
0.809086
0.107849
0.386607
0.452338
-0.181575
0.966994
-0.206611
-0.527021
-0.588382
-0.159562
0.886630
0.907365
-0.565307
-0.247741
0.933737
-0.715832
0.142128
-0.359710
-0.972238
0.503824
-0.227212
-0.335524
-0.281118
-0.721567
0.927053
-0.661635
0.884377
0.822066
-0.760072
-0.124353
-0.096241
0.175450
0.003692
0.407338
-0.235542
0.455722
-0.278137
-0.882085
-0.383251
0.466677
-0.634387
0.051985
-0.009112
-0.929158
-0.443926
0.217766
0.219458
0.454665
0.628703
-0.962178
0.383695
-0.912169
-0.094672
-0.715763
0.072229
-0.852724
-0.094638
0.923188
-0.465834
-0.250051
-0.004306
-0.012337
-0.723185
0.908464
-0.938746
-0.192919
-0.197330
0.699712
-0.530578
-0.605677
0.891006
0.500054
0.719375
0.511385
-0.927022
-0.822273
0.773498
-0.684242
-0.626856
-0.533691
-0.457492
-0.214069
0.244423
0.660367
0.020803
0.017060
-0.946432
-0.365588
0.702015
0.924250
0.901747
0.838351
-0.486215
-0.823925
0.818657
-0.190089
0.009691
0.754996
-0.715353
0.202236
-0.998087
-0.091976
-0.817473
0.400754
0.555139
-0.827889
0.520950
0.495606
0.760677
-0.482188
0.051494
0.144769
-0.230683
-0.312317
0.361530
-0.952274
-0.679672
-0.410797
0.335817
-0.077022
0.721568
0.304075
-0.929922
0.116395
-0.122152
-0.321858
-0.985473
-0.332336
0.059505
-0.774024
0.036874
0.133456
-0.505139
0.150406
-0.934049
0.339837
0.718260
0.506758
-0.075933
0.489464
-0.437198
-0.044997
0.735955
-0.691145
-0.556928
0.313681
-0.921730
0.490830
-0.419154
0.813151
-0.204252
0.517581
0.958104
0.096096
-0.054407
-0.097651
-0.436706
-0.280033
-0.279616
0.001317
-0.763765
-0.892898
0.159202
0.291143
0.773771
-0.516548
-0.673885
0.387145
-0.134072
-0.615573
0.969503
0.666477
0.380679
-0.697540
0.237851
-0.984759
0.275313
-0.981853
0.805075
-0.989848
-0.383501
0.122015
-0.068330
-0.182044
0.091569
0.284111
0.295095
0.681608
-0.476233
0.405344
0.147311
-0.124117
-0.554544
-0.198928
-0.231913
0.229937
0.039279
0.112520
0.197058
0.034681
0.917560
0.795082
-0.503210
0.076409
0.498914
-0.175184
-0.826760
-0.146820
0.149853
-0.297783
-0.556898
-0.394798
-0.963182
0.269056
0.833441
0.290927
-0.143936
0.378388
0.466355
0.778525
-0.224026
-0.228565
0.133807
0.157754
-0.495559
-0.728827
0.696964
-0.204605
0.986292
-0.020822
0.819384
-0.705289
0.830405
0.326455
0.870008
0.850753
-0.825294
-0.854910
0.192392
-1.008269
-0.095755
0.847385
-0.369120
-0.025492
-0.132493
0.289040
0.657093
-0.080127
-0.077500
0.977406
-0.042262
-0.865075
0.886163
0.080393
0.707166
0.761193
-0.305422
0.471445
0.180016
0.214853
-0.614533
-0.334588
0.162489
0.130379
0.944117
0.561190
0.105384
0.486326
0.373976
-0.761916
-0.294987
0.189516
-0.794846
0.798873
-0.193139
-0.511151
-0.795903
-0.547039
0.100580
-0.653652
-0.353787
-0.188428
-0.782355
-0.470647
0.050745
-0.536289
0.503108
0.277026
-0.807685
-0.100696
-0.323690
-0.293612
0.241468
0.791627
-0.006435
0.580035
0.393201
0.780466
0.368890
0.746543
-0.783111
-0.784303
-0.532688
-0.398249
-0.712036
0.202853
0.507174
-0.414229
-0.989134
0.746828
0.784648
0.203654
0.713652
0.600712
0.426400
0.407141
-0.826808
0.245976
-0.537788
-0.643372
-0.078461
-0.848750
0.552747
0.902534
0.001413
0.214773
0.092674
-0.347084
0.575466
-0.191728
0.325761
0.273566
0.328633
0.929225
0.454524
-0.076286
0.541548
-0.557508
0.658029
0.160728
0.009592
-0.881015
0.702200
0.040903
-0.113578
0.977013
-0.016859
0.498845
0.346270
0.286752
0.760041
0.148815
0.756834
-0.886233
-0.978992
-0.620574
0.479571
0.257308
-0.783199
-0.111311
0.140514
-0.302210
-0.233623
0.662075
-0.310400
0.294415
0.659617
-0.528643
-0.173844
0.541372
-0.390981
0.416525
0.299546
-0.534304
0.423812
0.671065
0.819024
-0.201080
0.174394
-0.558643
-0.415585
0.505870
0.681560
-0.879689
-0.085643
-0.429841
0.666105
-0.109843
0.355310
-0.987756
0.452671
0.229718
0.129261
-0.160678
0.214245
-0.814848
-0.210316
0.247421
-0.065420
0.764094
-0.797247
-0.356948
-0.215642
0.285042
0.163919
0.775495
-0.030717
0.455172
0.220091
0.247345
0.134778
-0.189805
0.881768
-0.229245
0.819276
-0.810304
0.374755
-0.700073
0.365484
0.119336
-0.305360
-0.713931
0.782571
-0.781777
0.543776
-0.871657
0.499542
0.958868
0.150685
-0.272803
-0.859820
0.306582
-0.505935
0.774394
0.619797
0.640292
-0.747558
0.347992
-0.189465
0.126653
-0.226661
0.032635
-0.465731
-0.987149
0.498460
0.122121
0.581270
-0.464785
-0.512189
0.059939
-0.188166
-0.263090
-0.827897
-0.900134
-0.724095
0.134605
0.082964
-0.132625
-0.796740
-0.133540
-0.034949
0.438595
-0.235087
-0.784555
-0.549249
0.274322
0.851757
-0.706718
0.438007
0.848194
-0.801074
-0.180627
0.707998
-0.193525
-0.302890
-0.856721
-0.887554
0.149236
-0.137606
-0.581444
0.480792
0.750956
0.224826
0.210311
-0.027810
-0.553324
0.110487
-0.938990
-0.538210
-0.959953
-0.262673
0.487622
0.180280
-0.423461
-0.802325
0.705644
-0.186467
0.866545
-0.619469
0.014819
-0.076107
0.258719
-0.613015
-0.595535
0.912222
-0.351517
-0.130520
-0.912217
-0.051875
-0.795114
-0.655385
0.724293
-0.127701
-0.658361
-0.346266
-0.199704
-0.638228
-0.153244
0.117305
0.786518
0.143509
0.814568
0.953869
-0.035785
0.901787
-0.092939
0.168843
-0.055057
-0.969898
-0.426349
0.296902
0.715955
-0.380458
0.998824
-0.279391
0.374302
-0.773275
-0.493988
0.424487
0.349839
-0.954168
-0.264838
-0.119566
-0.931634
-0.212500
0.696289
0.522367
-0.342854
-0.231603
0.891309
-0.323896
0.836682
-0.241297
-0.084591
-0.411679
0.806733
0.301903
-0.337228
0.847456
-0.685776
-0.965087
-0.653871
0.194437
-0.065058
-0.831653
0.665109
0.675972
0.606453
-0.651729
0.291505
-0.371914
0.456591
0.721174
-0.713552
0.329721
-0.486833
0.222202
-0.799447
0.487557
0.541193
-0.147154
0.043669
0.053945
-0.196228
0.305662
0.000133
0.809942
0.106223
0.580917
-0.820638
-0.333567
-0.447982
0.103443
-0.000089
0.299205
-0.385935
0.633291
-0.878328
0.422443
0.193008
0.904615
0.447039
-0.571156
-0.206011
0.720592
0.707710
-0.459583
-0.092654
-0.318671
0.111038
0.089669
-0.262597
-0.372921
-0.768422
-0.664744
0.549653
0.966817
-0.873805
-0.535477
0.967191
-0.449599
-0.817703
-0.660701
-0.359140
0.435194
-0.104037
-0.882492
-0.843484
0.560482
0.625994
-0.690579
0.345120
-0.624614
0.496179
0.146244
-0.906975
0.609281
-0.760832
-0.865113
-0.165021
0.679746
-0.166588
0.053487
-0.073244
-0.905868
0.109778
-0.463191
-0.872535
-0.736000
0.951869
0.554760
-0.341430
-0.339539
-0.751799
0.358574
0.949414
0.529848
0.489357
0.820285
0.502590
0.825365
0.046432
0.370619
0.666363
-0.851084
0.073128
-0.142559
0.049797
0.602129
-0.290458
0.924683
0.538602
0.361335
-0.980104
-0.118520
-0.476695
-0.232389
-0.250029
-0.231368
0.393836
-0.299916
-0.523442
0.168977
0.333761
0.566301
-0.145345
-0.036533
0.357437
0.147442
-0.024559
-0.802871
-0.618033
0.571874
0.546602
0.347296
-0.857356
-0.505664
0.719781
-0.839232
0.938420
0.016739
0.452289
0.289797
0.336937
0.204055
0.812253
-0.969106
-0.203421
-0.386195
0.978118
0.474360
0.736948
0.835434
0.616358
0.659114
-0.547372
-0.568724
0.614878
-0.872818
-0.400278
-0.135272
0.885478
-0.628026
-0.044114
-0.768859
0.780260
-0.104873
0.092785
-0.824870
-0.709756
0.623120
0.565065
-0.928507
0.062248
-0.566423
-0.433650
-0.564283
-0.271620
0.658588
-0.585566
-0.275591
0.137329
0.891219
0.765191
-0.308494
0.941268
-0.511175
-0.005483
-0.418572
0.868989
-0.549018
0.765214
0.625894
0.590463
-0.687277
-0.032703
0.369357
-0.943095
-0.352297
0.925102
-0.279671
0.064702
-0.063631
-0.407257
0.270492
0.493271
-0.179294
0.873507
0.175781
0.686358
0.879757
-0.981060
0.655410
-0.316755
-0.779906
0.437662
-0.133772
-0.296298
-0.243369
-0.376795
0.985537
-0.789671
-0.289226
0.903755
-0.225866
-0.026253
-0.428231
-0.956403
0.444195
0.565266
-0.997349
0.475111
0.875802
-0.000453
0.211655
0.328486
0.644279
0.536754
0.456513
-0.086090
0.978350
0.616808
0.986127
-0.981845
0.142657
-0.124862
-0.730471
-0.077027
0.319435
0.804418
-0.695220
-0.672064
-0.354560
0.167141
0.653539
0.285274
0.165365
0.278018
-0.506284
0.846761
0.820444
0.180814
-0.305607
-0.049672
0.834790
0.176646
0.326503
-0.661647
0.193904
-0.058652
-0.781283
0.296334
-0.409376
-0.711035
0.695041
0.243388
0.775929
-0.404618
0.429275
0.714286
-0.038238
0.318775
0.466636
0.718657
-0.796093
0.203204
0.620533
0.988859
0.539724
0.472183
-0.897585
0.659507
0.623418
0.218137
-0.738316
-0.423348
-0.787008
0.169136
-0.004284
0.693264
-0.448568
-0.059577
0.204629
-0.028301
-0.967562
-0.796375
-0.021823
-0.042029
-0.083149
0.892836
-0.803470
0.363788
-0.060801
0.701844
0.464297
0.660024
-0.653516
-0.469077
-0.418343
-0.424426
-0.106515
0.931363
-0.714735
-0.913211
0.734371
0.235164
0.065028
-0.230982
0.255760
-0.781495
0.729746
-0.926365
0.089771
-0.576791
0.720188
-0.020805
0.231887
0.274108
0.918175
0.928496
-0.894046
-0.761552
0.601285
-0.933819
0.376799
-0.722348
-0.260109
-0.417245
0.896413
-0.287258
-0.873514
-0.557210
-0.372230
0.547006
-0.652842
-0.976063
0.951615
0.072485
0.411519
0.042772
-0.180731
0.467936
0.531855
-0.195693
-0.662445
0.569858
0.680779
-0.388461
0.783635
0.349960
0.586611
-0.525984
0.918033
0.289966
-0.496782
0.857171
-0.557971
-0.466667
-0.749050
0.777897
0.958037
0.317493
-0.285614
0.753555
-0.045277
-0.689327
0.182421
-0.831178
-0.874659
0.527528
-0.085521
-0.283529
-0.265763
0.908001
-0.344748
0.267044
-0.650340
0.926184
-0.058345
0.659137
-0.929968
-0.008466
0.425040
-0.641563
-0.896262
-0.278780
-0.722009
0.412756
-0.447313
-0.094190
0.172982
0.991824
-0.939147
0.805143
-0.323148
0.887076
-0.038348
0.619006
0.727782
0.204442
0.922812
0.172607
0.237424
-0.726050
0.281083
-0.206432
-0.683572
-0.454493
-0.589151
0.862047
-0.643372
0.243439
-0.189399
0.301432
0.160737
-0.711832
0.855599
-0.150985
-0.417907
0.085308
-0.426072
0.079524
0.586941
-0.846011
-1.011266
0.523556
0.756555
-0.655862
0.990330
-0.414222
-0.876684
-0.510283
-0.905647
0.548865
0.280736
0.861709
0.230982
-0.341751
0.971893
-0.437236
0.852588
-0.470895
0.915672
0.832501
-0.924129
0.516579
0.882613
-0.904824
0.754198
0.847583
0.634411
0.705760
-0.910408
-0.892705
0.939698
-0.773453
-0.705185
-0.464532
-0.657230
0.044962
0.878908
0.925916
0.578462
0.863070
0.901860
-0.978717
0.151751
0.435016
-0.171066
-0.913555
0.075211
-0.430252
-0.896468
-0.544578
0.049638
0.369564
0.164919
-0.263987
-0.015717
0.443917
-0.554373
-0.239448
0.095475
-0.751419
0.118989
-0.249589
-0.671796
0.299414
0.678174
-0.025146
-0.311498
-0.649672
-0.882554
0.764408
0.769951
0.422710
0.054169
-0.431421
0.434183
0.833702
0.034781
0.139324
-0.507049
-0.278172
0.948997
-0.468363
-0.114191
0.159931
-0.075881
0.254437
-0.993072
0.870592
0.163364
0.845317
-0.627465
-0.085895
0.256382
-0.934530
-0.928465
0.990597
0.321051
0.710724
-0.697950
-0.416777
-0.537493
0.482458
-0.024048
-0.949382
0.959332
-0.948666
-0.238911
-0.882414
0.107581
-0.836435
-0.077075
-0.475259
-0.602110
0.674835
-0.325585
-0.894147
0.707343
-0.843146
-0.000239
-0.508833
0.771446
0.305884
-0.698303
0.230526
0.828043
0.520498
0.490143
-0.503912
-0.341719
-0.685456
0.629817
-0.000286
-0.851479
-0.267944
0.892834
0.222482
-0.645737
-0.846493
-0.079865
-0.793513
-0.242402
-0.910516
-0.610105
0.479588
-0.608924
0.451542
0.685796
-0.911268
-0.734883
-0.414889
-0.871317
-0.146193
0.567615
-0.001445
0.820796
0.710838
0.704783
-0.773585
0.906548
0.807324
-0.988179
0.999210
0.406241
0.390025
0.002347
-0.940886
-0.114670
0.181205
0.574005
-0.888042
-0.189923
-0.588014
0.648083
-0.596203
0.254499
0.916586
-0.118374
-0.919263
-0.227948
0.510067
0.575858
-0.360448
0.189437
0.583026
0.860145
-0.431382
0.446450
0.343605
-0.434533
0.025069
-0.850940
0.258959
-0.613626
0.766073
0.318292
0.673282
0.281533
0.798863
-0.891859
-0.814283
0.855738
0.760017
0.082279
0.801793
0.003671
0.568582
-0.744515
0.076111
-0.319949
0.181299
0.133301
0.838963
0.861303
-0.076588
-0.009178
0.181506
-0.868299
0.348258
0.378435
-0.035299
0.116574
0.878242
0.812328
0.500465
-0.457796
-0.036865
0.876495
0.847906
-0.583975
-0.826409
-0.350817
0.342271
0.839737
0.317319
0.573591
-0.679503
-0.669263
0.625643
-0.047876
-0.266969
-0.062366
-0.964329
0.685708
-0.563739
-0.217644
-0.944335
0.294118
0.224094
-0.361382
-0.410502
0.407920
-0.290332
-0.035853
0.335443
0.900208
-0.541726
-0.094589
0.251331
-0.927345
0.401267
0.194560
0.495275
0.837751
0.923130
-0.780928
-0.654556
-0.988314
0.751209
0.388182
0.016548
-0.797753
-0.501476
0.075320
-0.372880
0.476567
0.398688
-0.815034
-0.390143
-0.332193
-0.864608
0.575459
0.145470
-0.013257
-0.957812
0.778308
-0.746376
-0.588023
-0.895665
0.583540
-0.490226
-0.291559
-0.166122
-0.260415
-0.076368
0.404875
0.153447
0.803005
-0.926652
-0.626035
0.379133
-0.728250
0.680867
0.292591
-0.572019
-0.125220
0.703003
0.978517
-0.407935
0.417289
0.108137
-0.190922
-0.935296
0.648245
0.541223
-0.148151
0.169704
0.317241
0.063209
-0.894941
0.401240
0.942756
0.035429
-0.485062
0.847611
-0.554795
-0.048389
-0.071874
0.734938
-0.223986
-0.642027
-0.462632
-0.616456
-0.964005
0.833355
0.169996
0.293681
-0.711507
0.095226
-0.793677
-0.618997
0.280215
-0.723836
0.098536
-0.108327
0.499379
-0.666326
-0.184660
0.123882
-0.204506
0.077133
0.797764
0.956335
0.745806
0.225167
0.633302
-0.653632
0.180669
0.436199
-0.315297
-0.998352
0.901597
0.156108
0.385085
-0.391900
0.255233
0.757287
-0.635768
0.326099
-0.121324
-0.567251
0.578434
-0.382448
0.449569
-0.365138
0.479567
-0.332809
-0.387981
-0.244189
-0.019484
-0.685387
-0.239273
-0.921436
0.043127
-0.366266
0.811213
-0.584313
0.556515
-0.658844
-0.560424
-0.454026
-0.475632
-0.667812
0.192360
-0.280428
-0.616739
0.842809
0.300131
-0.129877
-0.879082
-0.587440
-0.573756
0.893623
0.007908
0.645750
0.855421
-0.429271
0.826696
0.305027
-0.391849
0.566827
0.061391
0.384164
0.542762
-0.649007
-0.404089
0.613386
0.123804
-0.667796
-0.436578
-0.230308
0.616976
-0.242283
-0.899491
0.341532
0.097417
-0.872953
-0.455734
0.286663
0.352814
0.488744
-0.449296
-0.915139
-0.107911
-0.805045
0.288914
0.990447
0.694659
0.172273
0.662678
-0.416868
-0.301948
0.381588
-0.958109
-0.070421
0.875429
-0.751885
0.780059
1.438475
1.196839
0.075411
1.785119
-1.585286
0.331111
0.552971
-0.630553
0.071412
0.977169
-0.073825
-0.289919
0.600640
-0.206908
0.146792
-2.530343
-0.697896
-0.499339
-1.283915
0.980791
-0.106617
0.105426
0.104749
0.283623
1.412888
-0.246263
0.599503
0.851801
0.547139
-0.089755
1.063558
-0.368836
-0.792935
0.376197
-0.410969
0.856909
-1.902677
0.835199
-0.953409
-0.347800
-0.724865
-0.101244
0.070044
0.732525
-0.872859
-0.949702
1.177378
0.306429
0.295622
-0.564244
-0.891659
0.933625
-0.956146
0.114184
0.731654
-0.566176
0.035417
0.318081
0.042568
-0.351705
-0.634121
-0.588732
-0.166432
0.492365
0.965829
0.426826
0.551060
-0.253718
0.357178
0.845556
-0.268006
-0.537744
-0.139348
0.196339
0.324280
-0.967032
0.423089
-0.843197
-0.884618
0.182838
1.013014
1.045700
-0.237566
-0.845442
-0.374004
0.905253
-0.325805
0.310012
0.853090
0.422365
-0.097301
-0.311070
-1.230703
0.561238
-0.514083
0.293828
-1.166070
0.788941
0.875197
0.494287
1.163468
1.221625
-1.826289
1.472130
-0.075741
0.762611
-0.947169
0.050277
-1.960300
1.724710
0.215334
-0.669007
0.791480
0.531390
1.897213
-1.300493
0.342650
0.447449
-0.296708
1.239818
-0.685445
-0.621407
0.676042
-0.741407
0.945887
-0.011195
-0.766746
-0.935144
0.798085
-0.464795
1.768456
-0.610625
-0.594319
-0.119302
-0.244910
-0.821626
-0.810889
-0.729415
-0.718897
-0.358230
-1.085835
-0.850098
-0.981590
-0.770164
-0.809855
0.858285
-1.242776
-0.072715
0.597214
0.412709
-1.230457
-1.546569
1.311958
1.023278
-0.871426
1.777240
-0.111169
-0.685408
0.285763
0.245311
0.664305
0.855896
-0.784984
-0.572813
1.089216
-1.315653
1.059693
-0.904039
0.814769
-0.694099
0.527523
-0.053786
-0.955659
1.152708
-0.177330
0.047512
-1.411536
0.100878
0.345176
0.089190
0.461875
0.470107
0.166555
-0.563985
-1.104214
1.127494
-0.067420
1.043099
0.326240
1.544246
0.729736
-0.721097
-1.077730
-0.659152
-0.006336
-0.248793
-0.727612
0.394892
-0.149188
0.325595
-2.073240
-0.708330
0.741484
0.606671
-0.856800
1.261270
-0.180266
-0.656761
-1.005423
0.385976
-1.278787
0.522654
-0.941032
1.503018
-0.040066
0.210979
-0.280452
0.066264
-0.921595
-1.011116
-0.135775
0.232893
-0.396172
3.072465
0.462038
0.211427
-0.263653
-1.172541
-0.272512
0.040835
-0.281766
0.675994
-2.028036
-0.977032
-0.468829
-0.056299
1.128099
-0.761395
-0.667666
0.192723
-0.411195
0.228635
1.623901
-0.538575
-0.141250
0.289826
-0.056678
-0.529847
-0.510018
-0.362821
-0.538262
0.699782
-0.097469
-0.017330
0.203217
-1.125751
-0.529489
0.263135
-0.446692
-0.114772
0.620071
-0.709387
-1.293035
0.272928
-0.408695
0.203980
0.649822
0.045094
0.504399
-0.952446
0.063714
-0.769955
0.562201
-0.228858
0.434892
0.877635
-0.420330
0.237774
-1.017487
-0.867231
0.153629
0.168773
-0.370466
-0.169819
-0.265278
0.281209
-0.597759
0.170151
-0.906044
-0.713453
-1.254431
-0.644573
-1.025600
-0.182974
0.372177
0.613423
0.942483
0.882371
0.527806
0.468289
-0.157530
-0.130447
0.046246
0.223056
-0.647653
-0.447575
-0.530328
-0.533605
-0.797954
0.824274
-0.613659
0.421718
-0.243912
0.263606
-0.129729
0.396401
-1.003698
-0.536770
1.275300
-1.165344
0.143362
1.066688
0.492552
-0.282426
1.736654
0.509721
-0.377915
0.604942
0.392567
-0.589971
-0.389332
-0.696786
0.557724
-0.658492
0.003606
-0.654256
-0.562291
0.742007
0.328644
-0.285812
0.909747
-0.254407
0.571156
0.740241
0.413906
-0.735653
-0.326252
0.022861
0.325657
0.806653
-0.935836
-1.324885
-0.804019
2.092064
0.606587
-0.512096
-0.838558
-0.883051
-0.459016
0.047756
-0.589390
0.528211
-0.611541
-0.678634
-1.245095
0.970916
-0.954606
-0.768956
-0.882324
0.345086
-0.814550
0.489263
-0.713367
-0.773413
0.120961
0.993793
-0.865415
0.461459
0.040540
-0.628711
0.192519
-0.181040
0.863977
1.683800
0.222800
-0.813464
0.440974
-1.007941
-0.398110
-0.321525
-0.254153
-0.154667
-0.024366
-0.231188
0.048162
1.093064
-0.783549
-1.320259
-0.268902
0.719406
-0.549124
1.100562
0.125278
1.637610
1.588805
-0.396271
-0.755454
2.025192
0.262152
-1.077089
0.512210
-0.254845
-0.986862
-0.383856
0.439698
0.655733
-1.194207
0.945345
0.319994
-1.181492
-0.085886
-1.858946
0.397900
0.602941
0.451670
-0.966756
-2.447331
1.033949
-0.288255
-1.205114
1.578731
-0.683143
-1.225682
-0.530952
-1.205059
1.169727
0.666986
-0.865429
1.013098
0.697928
2.109485
0.721160
-0.505060
1.594126
0.884026
-0.481287
-0.121985
1.048014
0.610614
0.748368
0.266106
1.011435
-0.604550
-0.441163
-0.586144
-1.693773
0.238975
-0.062377
0.772305
-0.331362
1.097053
0.761015
0.065569
-0.994385
-0.539639
0.767702
-1.920328
0.883402
0.415618
-0.129992
0.288532
-0.943846
0.826684
-0.768303
0.416346
-0.429347
-0.685632
0.865089
0.239477
1.117646
-1.367761
-0.863811
-1.081003
0.765968
-0.878622
-0.940287
-1.002227
0.885013
0.423929
-1.273394
-0.657727
0.850354
0.522597
-0.619354
0.551260
-0.029320
0.597665
-0.726541
0.588832
0.569026
0.853476
0.484043
0.345130
-0.685459
-0.244728
0.202714
0.735442
0.548923
-0.032502
-0.610882
-0.763595
-0.503152
-0.656321
-0.668619
-0.189513
0.114702
1.831653
0.031463
0.266138
1.986067
0.583121
0.564252
-0.253769
0.102005
-0.156284
0.103740
-0.443462
-1.389404
1.295880
-0.181091
1.010812
0.739540
0.158469
-0.217604
0.192525
0.001481
1.193714
0.457360
-0.498876
-0.507444
0.618719
0.717540
-1.565881
1.072173
-0.791885
-1.257112
-1.776305
0.253332
0.649939
0.267534
0.056189
-1.218995
-0.274856
0.280410
1.348141
-0.484177
-0.037421
-0.734751
0.575691
0.003532
1.235537
-0.464322
1.315815
-0.623699
-0.279322
0.546873
-0.484480
-1.334866
-1.171183
-0.505687
-0.717346
1.638180
-0.864908
-2.731573
1.128387
-0.148328
-1.240423
0.776561
-1.652641
-1.090302
1.191720
-0.632222
3.261191
0.997204
1.456613
-0.899403
0.736637
1.449683
1.061998
1.241771
-0.863318
0.017251
-0.869455
0.404090
-0.000380
0.022749
-0.117179
0.240713
0.653561
0.090205
0.321336
-0.074038
-0.318302
-0.123150
0.889618
-0.638117
-0.395820
-0.097801
-0.951417
-0.834728
0.248677
0.463901
-0.383813
-0.896303
-0.286112
0.676293
0.271417
-0.208234
-0.403314
-0.811459
-0.288826
-0.940781
-0.667168
-0.997917
-0.204304
-0.593344
-0.950739
0.899250
0.287736
0.273405
0.851343
0.554297
0.101939
0.282284
0.743579
-0.420821
-0.851563
1.066269
-0.066272
0.605953
-0.711479
-1.153222
1.855555
-3.659900
-0.868759
0.288121
-0.640390
0.806605
0.922849
-0.186549
-0.585783
-0.106136
2.468162
0.815072
-0.186117
0.907372
-0.621219
0.862663
-0.199122
-0.353689
0.264349
-0.960386
0.476648
0.970494
-1.004422
0.184528
-0.567884
-0.386030
1.324855
-0.993268
0.302449
-1.984772
-0.908772
-0.660324
-0.206582
-0.452562
0.433815
1.013715
-0.409722
-0.611272
0.993444
-0.804432
-0.240465
0.858336
-0.252717
0.162194
1.051561
-0.606097
0.784050
-0.691508
0.729409
1.262207
-1.784972
0.472410
-1.497811
0.279532
-0.467359
0.657001
-0.785879
-1.013959
0.532477
0.690043
-0.000605
-0.039951
-0.730368
-1.326794
-0.936237
-0.144301
-0.206915
0.938937
-0.663901
-0.981035
-0.194114
-0.369588
-0.869914
-0.901817
-0.789334
-0.214483
-0.447635
-0.256716
0.710673
-0.118253
-0.189748
-0.734482
0.248699
-0.297485
1.257157
0.780047
0.584618
0.806094
-0.620947
1.630192
0.451708
-0.781779
1.026117
-1.935753
0.152821
-1.367783
-0.892742
-0.430785
0.320517
0.667577
1.207866
-0.084332
-0.476991
0.405345
-0.073737
-0.131100
0.297786
0.781111
0.122762
0.980732
-0.352724
1.109059
0.045284
0.242535
-0.347371
-0.474915
-0.515263
-0.933884
-0.300793
0.437027
0.378064
0.946033
-0.365655
-1.363526
-0.676679
0.063936
-0.581090
0.899500
0.766799
-0.436324
0.676328
-0.300613
0.349767
0.786461
0.888976
1.314333
1.860411
-0.029396
-0.585886
-0.572636
-0.173027
-0.375040
0.321726
0.006612
0.247053
1.572811
-0.057556
-0.461638
-0.041014
2.140601
0.426796
0.477342
-1.241372
0.220920
-0.376668
-1.121098
0.948730
-0.067179
0.420819
-0.674108
0.880737
0.007741
0.837646
1.304239
-1.592275
-0.959080
-1.620458
-1.289739
0.679442
-0.836520
1.402973
0.961954
1.168071
2.019077
0.477649
0.494995
0.908808
-1.004085
0.898888
0.076579
-0.481810
1.488844
-0.029579
-1.475654
0.006358
-0.646478
-1.019063
0.889367
-0.877806
0.562529
-0.911511
-1.553493
0.091308
0.318229
-0.112390
1.163146
0.295303
1.077142
0.589124
0.377736
1.091970
-0.338896
-1.074271
0.592208
-1.300399
0.061100
0.676499
-1.040153
-1.317584
0.324193
-1.640608
1.230055
0.561207
-0.267536
1.176566
-0.813314
-1.526986
-0.848253
0.038042
-0.659872
1.792741
0.030954
-0.698197
-1.269020
0.824733
-0.170190
-0.119101
-0.056181
1.298976
0.815805
1.519088
-1.618104
0.287025
1.950028
1.582401
1.330643
-0.901800
0.562246
-1.443562
-1.201090
-0.637497
1.335111
-0.247258
1.024979
-1.174510
-1.592850
0.493262
-0.623646
-0.245601
0.454640
0.287282
-0.510671
-1.216304
1.653704
-0.741929
0.850164
2.070875
0.304072
0.542721
1.142849
-0.674884
0.163139
0.034729
-0.808097
-0.571811
1.197997
0.838801
-1.274348
1.084176
0.124602
-1.197548
-1.053127
1.088364
-0.112524
0.384534
-2.178631
0.158371
-0.722121
0.165920
1.045587
0.325445
0.581227
-0.478009
1.057145
0.883672
0.420558
-0.234101
-0.566242
0.780764
-1.085910
0.620785
-0.484378
-2.098673
0.103222
-0.434165
1.169980
-0.565665
0.155513
0.360293
-0.371073
-0.115031
-0.676679
0.593374
0.149107
-0.745452
-0.690616
-0.425678
1.864381
1.544109
-0.694137
0.329297
0.198858
-0.510012
-1.026725
-0.303550
-0.523754
-1.100024
0.149258
-0.908743
-0.024571
0.562971
-0.371499
-0.924871
-0.631621
0.599699
-0.742976
0.280009
-0.651682
0.796587
0.100099
-0.588969
0.977307
-0.586074
-0.033357
0.559002
-0.669810
0.484596
1.481506
-0.794816
-0.989557
-0.870992
-0.971651
-0.125268
1.107517
1.897617
1.146451
-0.688647
-1.198101
-0.861798
-1.253973
-0.004217
-0.087406
-0.867859
-1.132539
-0.998013
-0.676348
-1.253283
-0.610491
-0.370036
0.105192
1.907113
-0.031006
1.711742
-1.094203
-0.579991
0.140316
1.379259
-0.016145
-0.917632
0.643256
-0.551999
-0.404599
-0.367533
-1.302972
0.863613
0.366687
0.270863
0.511661
-0.783819
0.628502
1.071797
-0.533491
0.598823
0.958670
0.047114
-0.789604
0.528594
-0.267119
0.372332
-0.970247
1.038296
0.553059
0.334165
-0.557348
-0.221223
-0.166601
0.490034
1.269395
0.020425
-0.154146
-0.321295
-1.014976
-0.243892
-0.276000
-1.055790
-0.823635
-0.285755
0.608349
0.406376
0.427239
-0.009943
0.905318
0.317259
-0.736561
-0.585866
0.163495
0.561899
0.780259
-0.698553
-1.899946
-0.987409
-1.632203
1.142093
-0.371771
-0.333714
0.574432
-0.758731
-0.302869
-1.693835
0.935685
-2.121907
0.871477
-0.722677
1.149175
-0.750551
0.664290
0.783309
0.171019
-0.009708
0.546440
0.266931
0.843311
0.607922
-0.759578
0.861056
0.867036
-0.526825
0.758902
0.754654
0.004220
-0.410984
0.614931
0.467090
0.671485
-0.053028
-1.104366
0.248224
0.988302
-0.432842
-0.613709
0.832206
-1.720137
1.022230
0.933707
0.595818
0.145177
-0.058721
-0.293472
0.048578
0.017541
0.178311
-0.579619
0.968203
-1.557877
-0.249963
-0.258100
0.363864
-0.073555
0.236060
-0.316492
0.770805
1.203658
-0.216917
0.917192
-0.614765
0.185565
-0.904401
1.707885
-0.363275
-0.027313
0.838038
-0.165015
-1.733134
1.232081
0.115963
-1.270472
-0.587923
-0.928566
0.113589
-0.488369
-0.135297
-1.488677
-0.664024
0.661995
0.033418
-0.733522
1.017249
0.133647
-0.901332
-0.420898
1.198089
-0.383687
0.086421
0.423274
0.568693
0.565202
-0.087875
1.154491
0.253844
0.679724
-0.986915
0.283864
-1.102808
-0.209186
-0.138912
1.071890
-0.400185
-1.996748
0.479626
1.004447
1.272477
0.482292
-1.128207
0.304642
0.628329
0.173534
0.723269
-0.179665
-1.401466
-0.152789
0.441591
-0.071425
1.113128
-0.446817
0.317116
0.740654
-1.481274
-0.329430
1.160104
-0.624451
-0.705286
0.334110
0.347626
-0.970583
0.449092
0.187335
1.135526
0.583518
0.651855
0.432497
0.671008
1.257204
0.400746
-0.318776
-0.179898
0.800305
-0.241229
0.606748
0.189895
0.434812
-1.078953
-1.424641
0.934116
0.080611
-1.182116
1.143232
-1.151150
-0.020430
-1.168041
0.086286
0.056236
1.198811
-0.258597
-0.530534
-1.045780
0.386483
-1.114319
-0.525853
-0.495781
-0.704798
-0.621797
-0.735730
0.284097
0.587709
0.752240
0.425281
-1.333077
-1.348907
-0.810795
-0.309741
0.818621
0.586684
0.724951
1.401946
-0.641923
-0.007562
1.176699
-0.024894
-0.316574
-0.059590
0.819141
-0.085405
0.773897
0.382019
-0.946832
0.201824
2.341593
-1.759855
-0.245560
1.511610
-0.501393
1.507339
0.401117
0.851136
0.405062
0.011268
0.518380
1.343536
-0.199674
-1.465236
-1.003188
0.013694
0.088223
-0.879774
-0.777710
-1.011045
0.365076
-0.349914
-0.360876
0.468389
0.118216
-2.136261
-0.416333
-0.933645
-0.015685
-0.044188
0.090520
0.687364
0.364785
-1.327538
-1.032806
-0.233282
-0.176329
-0.930211
-0.229049
0.016372
-0.370415
0.071728
0.294276
-0.788246
0.149165
-0.870901
0.969868
-0.655767
-0.813092
0.945219
-0.428992
0.655143
-0.500292
1.424759
0.858492
0.215264
-0.485381
-0.465486
-0.439934
0.575014
-0.882841
-0.429379
0.418708
0.838147
-0.850965
0.140317
0.821322
0.141234
0.569746
-0.301268
0.465343
0.315394
-0.736578
-0.238393
1.654651
0.106360
0.007684
-0.683489
-1.086948
0.411078
-0.008392
0.140887
-0.398179
-0.394314
0.043886
0.191968
-0.147749
0.198485
1.144921
0.570194
-0.543599
1.125162
-0.957885
1.939652
-0.516294
-0.400875
0.044119
0.721681
1.118629
-0.607512
0.619179
0.517983
0.048268
-0.957653
0.030988
0.430981
-0.799312
-0.898822
-0.202965
0.145771
-0.398131
-0.012049
-0.965256
0.361242
0.824618
-0.455544
-0.565540
0.645890
-0.737512
0.868470
0.270945
0.344748
-0.633662
-0.503154
0.874214
0.594118
-0.773057
0.481467
-0.399814
-0.353489
0.417352
0.699409
0.297193
0.670537
0.966673
-0.503091
-0.713197
0.906715
0.469616
0.248986
-1.120259
0.622695
0.418976
0.775741
0.482028
-0.099190
-0.371865
0.396193
-0.613718
0.428982
-0.784684
2.447137
0.838852
0.410784
-1.017715
1.844024
2.327209
2.003320
-0.909662
-0.709688
0.003822
-0.903758
0.318529
0.062558
0.519509
0.138980
-0.068740
-1.410098
-0.276562
0.077493
-0.910681
-0.747426
1.552482
-0.108875
-0.840832
0.013336
-0.350947
-0.143751
0.432021
-0.734110
-0.893024
0.656359
0.841033
-0.532993
-0.760535
0.876472
-0.565460
-1.487375
-0.280197
0.601882
0.953347
0.356016
0.587576
0.613937
0.045953
0.349127
0.094359
-0.237881
0.571155
-0.556292
0.335592
-0.790902
1.201633
0.502179
-2.084799
-0.035980
-0.183684
-0.301230
0.686154
0.380691
-0.241327
0.328018
0.205751
-0.777253
0.699063
-0.195305
0.204178
-0.304895
-0.597514
-0.829912
-0.576991
0.377210
0.726656
1.445545
0.351945
1.523128
-0.157315
1.116970
-0.339349
-0.193145
0.574696
0.475892
0.627831
1.054808
-0.525902
-0.288512
1.455652
-0.719745
-0.630006
-0.949340
-0.029448
-1.582525
0.519476
0.203954
-0.022998
0.678861
0.399559
0.877537
1.121895
-0.308644
0.855087
-0.266394
-0.487246
0.343305
0.513632
0.845303
-0.326663
0.501477
0.476957
0.247280
0.392214
-0.832356
0.470021
0.601388
0.232416
0.404532
0.377511
-0.796523
-0.111836
-0.453955
-0.011910
0.251828
-0.701828
-0.096605
-0.221130
-0.182348
0.891801
-0.235902
-1.038396
0.033909
0.429820
1.094012
-1.322252
1.180134
-0.976058
-0.669021
0.752710
0.002082
0.926697
0.213027
-0.448611
-0.170739
-0.114369
-1.147406
-0.628654
-4.080861
1.012914
1.056460
1.368556
0.768213
-0.832694
-1.015156
0.359859
-1.179908
1.739539
0.970756
-0.645810
0.193764
1.167083
0.567173
-0.502339
-0.846622
-0.623040
-0.577011
-0.116237
-0.240772
0.475558
-0.125703
-0.650501
0.790832
0.127419
0.955302
-0.397897
-0.390331
0.295217
0.202342
0.756422
0.827433
-0.224506
-0.870119
-0.932462
-0.488538
-0.114174
-0.998766
0.122409
0.539307
-0.596176
-0.004364
-0.507702
-0.363528
0.270935
-0.477270
-0.589184
-0.601649
0.319194
-0.480248
2.225590
-0.460304
0.360041
-0.088633
-0.630680
0.854733
-0.557105
-0.993072
-0.393831
0.552201
-0.757362
0.273519
0.576133
-0.266976
-0.708016
-0.853552
-0.362310
-0.184424
0.056633
0.904709
-0.459693
-0.686748
0.170148
0.141862
-0.504498
0.994957
0.102569
-0.124717
-0.698585
-0.682983
-0.548448
-0.679206
-0.077048
-0.651870
-0.845421
0.257694
0.594480
0.371776
0.243710
-0.334593
-0.921378
-0.619756
-0.242077
-0.766572
0.330002
-0.094916
-1.028382
-0.076007
-0.241900
0.975126
0.255098
-0.801542
-0.242849
0.608298
-0.790728
0.889698
-1.300201
0.952660
-0.407409
-0.145082
0.090262
0.733839
-0.134909
-0.459595
-0.334184
0.244215
0.281319
0.162266
-0.269843
1.099325
-0.219603
0.758924
0.931270
0.086191
-0.914762
0.028069
1.144071
0.393087
0.252683
-0.437416
0.135774
0.874740
0.272036
0.749152
-0.889879
0.465942
-1.090788
0.688001
-0.214169
-1.181675
-0.333435
-1.170062
0.436488
0.908099
0.849046
0.237196
-0.161606
0.920003
-0.126242
-1.021287
-0.282200
0.377664
-0.490528
-0.833091
-0.288294
-0.177838
0.267291
0.480349
-0.202578
2.485004
0.402201
-0.762803
0.569630
1.538567
-0.186311
-0.975772
0.660503
0.610113
0.341139
0.520334
-1.121930
1.459194
-0.603294
-0.848571
-1.673584
0.312445
0.099807
0.311221
-0.215136
-0.784762
-0.183900
-1.215148
0.541629
-0.554723
0.433034
-0.904327
-0.815804
0.041651
0.650359
-0.467946
-1.268006
0.115897
0.343614
-0.562969
-0.267959
0.562515
-0.312445
0.680624
0.054917
-0.512290
0.081341
0.940405
-1.514536
-0.121381
0.538835
-1.001654
-0.309436
0.474690
0.634104
0.010359
-1.093565
0.193367
-0.173985
0.603396
-1.603159
0.170783
-0.593049
-0.854776
0.779223
0.183505
0.521448
-0.912938
0.210492
-0.499434
-0.444461
-0.477709
-0.672918
1.110697
0.530826
-0.626332
1.357559
0.024043
-0.456603
-0.262033
-0.779202
1.399418
-1.394209
-0.139248
-0.325771
1.258391
0.344314
-0.526743
-0.135212
2.643229
-0.394397
-0.732832
0.896209
0.397645
-0.547026
0.332644
1.793822
0.708302
-1.310958
-0.725482
-0.659415
0.310769
0.700285
-0.033115
0.716257
0.039740
-0.793094
0.190578
-0.021029
-0.790535
0.779610
0.212061
0.035883
-0.662832
0.787084
0.199268
-0.845593
0.580580
3.259797
0.406078
0.690072
0.060313
2.008885
0.367276
-0.122415
-0.124539
0.208654
-0.063307
0.390886
0.398192
-0.919186
0.835676
-0.158650
0.948481
0.426746
-1.070784
-0.439652
-0.550773
-0.740031
0.342140
-0.380310
-0.708806
0.535556
-0.191014
0.474696
0.103566
-0.391037
0.020248
0.989472
0.635045
0.327140
0.205347
0.088474
-1.058496
0.757823
-0.916940
0.699626
0.238752
1.247215
-0.652313
0.667499
0.384251
-0.497417
-0.722516
-0.383020
-0.759189
-0.496343
0.800444
-0.456794
0.169667
-0.052885
1.000897
0.823387
0.629387
-0.123882
0.246869
-0.779711
1.109021
0.638180
-0.463800
-0.828744
-0.241702
0.156004
-0.160618
-0.407803
-0.864172
-0.681414
0.600491
0.236395
-0.386690
-1.048927
-0.240308
-0.788985
0.672577
-0.171120
-0.401780
0.882959
0.088605
-0.512915
0.253714
0.124246
0.202543
0.215435
-0.422549
-0.582490
-0.197164
2.875703
-0.487620
0.250347
-0.330483
0.245440
-0.287019
0.226926
0.463751
2.355089
0.330587
0.130279
0.355906
-0.178377
0.650552
-0.446976
-0.302280
-0.225209
-0.411299
0.384512
-0.443401
0.547759
0.091127
0.283642
0.574105
-0.080033
0.388582
-0.993896
0.030482
-0.748590
-0.303680
-0.760232
-0.617989
-0.011873
-0.077363
-0.957552
-0.756990
0.108541
0.947170
0.042348
-0.933295
-0.241370
0.461497
-0.103209
0.469388
0.433457
-0.805901
-0.787690
0.041231
1.099730
-1.000198
-0.223242
-0.164241
-0.143743
-0.216746
1.491552
0.246781
-0.703078
-0.881604
0.157999
-0.327785
-0.822787
-0.534940
-0.994264
0.205099
-0.288246
-0.548344
0.007119
-0.416223
-0.957699
-0.484548
0.980519
0.175713
0.839862
0.325285
-0.624123
0.390623
0.473726
-0.945444
-0.911783
-0.950263
0.459034
0.134319
0.542055
-0.171014
-0.677961
0.824239
0.089249
-0.831256
-0.212113
0.986205
-0.558496
0.246688
0.474150
-0.723734
-0.853000
-0.887215
0.571451
-0.783837
-0.214989
0.344744
-0.875981
-0.292001
-0.170253
-0.080974
0.211366
-0.926848
-0.295492
-0.844064
-0.313465
-0.951868
0.292830
-0.796219
-0.330187
-0.250017
0.721677
0.099858
-1.438316
0.599490
1.211003
-0.246365
0.518652
-0.928003
1.363133
0.574695
1.035453
-0.803858
0.876069
1.352864
-0.710080
0.459248
-0.181860
-1.753975
-0.462658
0.157901
0.347430
-0.168700
-0.043648
-0.051503
0.635731
1.105480
0.734067
0.045769
-0.758699
-0.407528
-1.016221
-0.517140
-0.421840
0.419321
-0.271374
-0.001194
1.010857
0.103582
0.889826
0.773579
0.147452
-0.323389
0.337365
-0.884122
0.469027
0.337483
0.313299
-0.152282
-0.127437
0.609354
0.139546
0.131721
-2.075658
-0.662394
0.734409
-0.546468
0.149938
-0.393051
0.054075
-0.620085
-0.688089
-1.040443
1.309495
0.125683
-0.062029
-1.535779
0.114305
-0.833532
0.669660
-0.330020
-0.628710
-0.269866
-1.351708
-0.374858
-0.652957
-0.420937
-0.749179
0.331572
-0.171132
0.680149
-0.436998
-1.505604
-1.208206
0.298145
0.138727
1.187511
-1.301453
0.676290
0.566515
-0.963534
-0.072783
0.940146
-0.770526
1.100898
1.647350
0.953159
1.385402
1.344690
0.011073
1.278502
0.382518
-0.326491
1.156946
-1.076022
-0.943792
0.969758
-0.334638
-0.357225
-0.841381
-0.591344
0.513308
-0.040894
-0.168088
-0.975126
-0.703374
-0.353195
-1.000335
-0.923658
0.654840
0.155265
-0.841186
-0.751820
-0.699123
1.290176
-0.085453
-0.878449
1.807596
-0.348003
0.476155
-0.698843
0.481915
-0.824950
-0.408817
-0.577964
-0.642495
0.657995
0.690122
-0.752772
0.870748
-0.319852
0.095930
0.895443
0.458633
0.584440
0.473451
0.354160
0.536266
-1.969076
0.398720
-2.140506
-0.420219
0.011559
0.814098
-1.541402
0.634102
-0.574250
0.211585
0.451366
-1.299548
0.519392
0.621033
-1.047779
1.117530
0.107461
-0.329926
-0.944723
-0.092080
-0.169784
-0.176016
-0.054115
1.113656
-1.222229
0.496907
0.094202
0.945974
-0.328931
0.361795
0.110749
-0.462524
0.896630
-0.404733
-0.346752
0.812275
0.388264
0.321735
0.260349
-1.284626
0.011565
-0.368628
-0.703399
-1.064038
0.784731
-1.197457
0.614343
-0.179453
0.469371
0.813810
0.429001
1.083272
-0.922728
0.134175
1.000622
0.750246
-1.013820
1.164686
-0.654226
0.453185
-0.511063
-1.791252
0.922774
-0.923694
-0.550291
0.875723
-0.407345
0.231539
0.043002
0.861634
0.453776
-0.864686
0.938569
-0.519780
-0.475534
-0.135297
0.723930
0.624128
0.675626
-0.562240
-0.755897
0.956694
-0.767071
-0.206196
0.831650
0.714636
-0.097887
-0.362320
0.672600
0.582635
-0.183813
-0.561642
0.003048
-0.258174
-0.485332
0.454910
-0.382451
0.070375
-0.313549
0.633213
-0.124931
-0.859343
0.795865
-0.171901
-0.379553
-0.679699
0.692802
-0.655623
0.944430
0.368428
-0.196326
-0.811467
0.325123
0.036603
-0.017663
0.212821
-0.248761
0.884467
0.850501
-0.576181
0.467101
-0.333303
-0.137823
-0.527695
0.408514
0.376843
0.927217
0.293748
0.865441
1.010019
0.879262
0.967111
-0.007112
-0.387701
0.886171
-0.757633
0.327005
-0.059760
0.463363
-0.978075
0.082303
0.353616
-0.564541
-0.741223
-1.037899
0.561424
-0.091861
0.880435
0.091619
-0.165300
0.857482
-0.134308
0.144993
0.394040
-0.002325
-0.913504
0.024016
0.082743
0.630321
-0.029861
-0.196551
0.116296
